Packet number,Gyroscope X (deg/s),Gyroscope Y (deg/s),Gyroscope Z (deg/s),Accelerometer X (g),Accelerometer Y (g),Accelerometer Z (g),Magnetometer X (G),Magnetometer Y (G),Magnetometer Z (G)
0,-0.28,-1.96,-1.54,-0.11572,-0.056152,0.99927,-0.11,-0.015,-0.402
1,-0.49,-2.24,-1.82,-0.12378,-0.054321,1.0002,-0.11,-0.015,-0.402
2,-0.49,-2.03,-1.96,-0.13074,-0.053467,0.99841,-0.11,-0.015,-0.402
3,-0.42,-1.82,-1.75,-0.1333,-0.053955,1.0027,-0.11,-0.015,-0.402
4,-0.42,-1.68,-1.4,-0.13489,-0.052856,1.0022,-0.11,-0.015,-0.402
5,-0.35,-1.47,-0.91,-0.1333,-0.05249,1.0033,-0.11,-0.015,-0.402
6,0,-1.54,-0.77,-0.13708,-0.055054,1.002,-0.111,-0.016,-0.402
7,0.35,-1.61,-0.77,-0.13696,-0.05481,0.99951,-0.111,-0.015,-0.402
8,0.63,-1.26,-0.91,-0.13818,-0.051758,0.99658,-0.111,-0.015,-0.402
9,0.56,-0.63,-0.84,-0.13745,-0.055176,0.99829,-0.111,-0.015,-0.403
10,0.56,-0.14,-0.63,-0.13538,-0.056274,1.0011,-0.111,-0.015,-0.403
11,0.63,-0.07,-0.63,-0.13684,-0.052856,0.99878,-0.111,-0.015,-0.403
12,0.7,-0.35,-0.49,-0.13647,-0.052124,1,-0.111,-0.015,-0.403
13,0.77,-0.63,0,-0.13525,-0.052368,1.0031,-0.111,-0.015,-0.403
14,1.05,-0.91,0.56,-0.12866,-0.049683,1.0026,-0.111,-0.015,-0.404
15,1.68,-0.84,0.91,-0.12561,-0.043945,0.98792,-0.111,-0.015,-0.404
16,2.1,-0.35,0.7,-0.12219,-0.046631,0.97217,-0.111,-0.015,-0.404
17,2.24,0.07,0.42,-0.12219,-0.056152,0.96667,-0.111,-0.015,-0.404
18,2.17,0.21,0.21,-0.12378,-0.06311,0.95947,-0.111,-0.015,-0.404
19,1.82,0.42,0.07,-0.12671,-0.061646,0.95349,-0.11,-0.016,-0.403
20,0.98,-0.07,0.21,-0.12122,-0.059448,0.9646,-0.111,-0.015,-0.404
21,-0.35,-0.35,0.42,-0.11462,-0.059814,0.97363,-0.111,-0.016,-0.404
22,-1.54,-0.21,0.49,-0.10962,-0.053467,0.97815,-0.111,-0.016,-0.404
23,-2.52,-0.7,0,-0.11133,-0.052124,0.98938,-0.111,-0.016,-0.404
24,-2.94,-1.75,-0.42,-0.12036,-0.054565,1.0031,-0.111,-0.016,-0.404
25,-2.87,-2.73,-0.21,-0.11951,-0.050659,1.0133,-0.112,-0.015,-0.404
26,-2.31,-3.08,0.28,-0.11938,-0.045044,1.0183,-0.112,-0.015,-0.404
27,-1.33,-3.15,0.28,-0.12549,-0.044312,1.0206,-0.112,-0.016,-0.405
28,-0.14,-3.01,0.21,-0.12805,-0.046021,1.0193,-0.112,-0.016,-0.404
29,1.05,-2.1,0.14,-0.13135,-0.046631,1.0046,-0.112,-0.016,-0.404
30,1.96,-0.42,0.21,-0.12781,-0.052856,0.99023,-0.112,-0.016,-0.404
31,2.24,0.84,0.07,-0.13086,-0.061157,0.98047,-0.112,-0.016,-0.404
32,1.96,1.33,-0.14,-0.13391,-0.066528,0.97266,-0.112,-0.016,-0.404
33,1.26,1.26,0.07,-0.13159,-0.06604,0.96814,-0.112,-0.016,-0.404
34,-0.07,0.84,0.63,-0.12463,-0.061279,0.97681,-0.112,-0.016,-0.404
35,-1.33,0.35,1.33,-0.11267,-0.054688,1.0006,-0.112,-0.016,-0.404
36,-2.1,0.07,1.75,-0.10669,-0.048218,1.0149,-0.112,-0.016,-0.404
37,-1.82,-0.21,1.61,-0.1051,-0.043701,1.0248,-0.112,-0.016,-0.405
38,-0.63,-0.42,1.26,-0.10474,-0.045044,1.0254,-0.112,-0.016,-0.404
39,0.77,-0.63,0.91,-0.10962,-0.051392,1.0103,-0.112,-0.016,-0.404
40,2.03,-0.63,0.7,-0.11255,-0.055908,0.99695,-0.112,-0.016,-0.404
41,2.24,-0.63,0.49,-0.11768,-0.061279,0.98889,-0.113,-0.016,-0.404
42,1.61,-0.7,0.56,-0.10803,-0.060913,0.99036,-0.112,-0.016,-0.405
43,0.49,-0.63,0.56,-0.10498,-0.060303,0.99536,-0.113,-0.016,-0.405
44,-0.49,-0.42,0.28,-0.10217,-0.060913,1.002,-0.113,-0.016,-0.406
45,-1.12,-0.91,-0.07,-0.10327,-0.060425,1.0114,-0.113,-0.016,-0.406
46,-1.19,-1.96,-0.35,-0.10657,-0.058228,1.0242,-0.113,-0.016,-0.406
47,-1.12,-2.8,-0.28,-0.10547,-0.054199,1.0312,-0.113,-0.016,-0.406
48,-0.63,-3.29,-0.21,-0.1062,-0.050293,1.0298,-0.113,-0.016,-0.406
49,0.21,-3.5,-0.14,-0.10364,-0.050049,1.0256,-0.113,-0.016,-0.406
50,1.12,-3.64,-0.42,-0.10657,-0.051147,1.0171,-0.113,-0.016,-0.406
51,2.03,-3.15,-0.84,-0.11072,-0.055054,1.0043,-0.113,-0.016,-0.405
52,2.66,-2.38,-1.33,-0.1156,-0.058472,0.99426,-0.113,-0.016,-0.405
53,2.94,-1.68,-1.68,-0.12122,-0.060425,0.98242,-0.113,-0.016,-0.405
54,2.59,-0.91,-1.61,-0.12085,-0.06189,0.98108,-0.113,-0.016,-0.405
55,1.96,-0.49,-1.4,-0.1167,-0.061523,0.98279,-0.113,-0.016,-0.406
56,1.54,-0.21,-1.19,-0.11597,-0.058228,0.98193,-0.113,-0.016,-0.406
57,1.47,-0.49,-1.33,-0.11829,-0.052979,0.98401,-0.113,-0.016,-0.406
58,1.12,-1.19,-1.54,-0.12122,-0.050659,0.98999,-0.114,-0.016,-0.405
59,0.77,-1.47,-1.61,-0.12402,-0.047119,0.99524,-0.114,-0.016,-0.406
60,0.91,-1.26,-1.4,-0.12488,-0.045044,0.99438,-0.114,-0.017,-0.406
61,1.4,-1.05,-0.91,-0.11719,-0.043701,0.99011,-0.114,-0.017,-0.406
62,1.82,-0.77,-0.63,-0.11389,-0.043701,0.9834,-0.114,-0.017,-0.406
63,1.96,-0.63,-0.77,-0.11536,-0.050293,0.97424,-0.114,-0.017,-0.406
64,1.96,-0.56,-1.19,-0.11951,-0.052856,0.96777,-0.115,-0.017,-0.407
65,1.61,-0.84,-1.33,-0.12512,-0.05481,0.96301,-0.115,-0.017,-0.407
66,0.98,-1.26,-0.84,-0.12646,-0.054565,0.96387,-0.115,-0.018,-0.407
67,0.28,-1.47,-0.28,-0.12463,-0.051392,0.97217,-0.115,-0.018,-0.406
68,-0.28,-1.19,0.21,-0.11548,-0.041016,0.97595,-0.116,-0.018,-0.406
69,-0.63,-0.63,0.35,-0.1095,-0.035278,0.97754,-0.116,-0.018,-0.406
70,-0.49,0.14,0.07,-0.10925,-0.040405,0.97681,-0.116,-0.018,-0.406
71,-0.14,0.84,-0.42,-0.1095,-0.046997,0.97705,-0.116,-0.018,-0.406
72,0.07,1.12,-0.35,-0.10376,-0.048828,0.9718,-0.116,-0.018,-0.406
73,0,0.98,-0.28,-0.10767,-0.051025,0.97266,-0.117,-0.018,-0.405
74,-0.42,0.28,-0.28,-0.11047,-0.049438,0.97473,-0.117,-0.018,-0.406
75,-0.98,-0.56,-0.28,-0.11584,-0.042603,0.97778,-0.117,-0.018,-0.405
76,-1.4,-1.12,-0.07,-0.11401,-0.03833,0.97986,-0.117,-0.019,-0.406
77,-1.4,-0.98,0.14,-0.11499,-0.041382,0.97791,-0.117,-0.019,-0.406
78,-1.12,-0.14,0.14,-0.11499,-0.046387,0.96472,-0.118,-0.019,-0.406
79,-0.56,0.84,0.14,-0.11841,-0.052002,0.948,-0.118,-0.018,-0.406
80,-0.42,1.4,-0.07,-0.12134,-0.059692,0.9502,-0.118,-0.019,-0.406
81,-1.54,1.26,0,-0.11243,-0.061523,0.96716,-0.118,-0.019,-0.407
82,-3.43,0.84,0.28,-0.10693,-0.057007,0.98682,-0.118,-0.019,-0.406
83,-4.97,0.21,0.42,-0.10669,-0.053589,1.0105,-0.118,-0.019,-0.407
84,-5.67,-0.77,0.07,-0.10974,-0.051514,1.0302,-0.118,-0.019,-0.407
85,-5.32,-1.19,-0.14,-0.11292,-0.044189,1.0334,-0.118,-0.019,-0.406
86,-4.27,-0.91,-0.21,-0.11938,-0.041748,1.025,-0.117,-0.019,-0.406
87,-2.87,-0.56,-0.14,-0.12,-0.047119,1.0173,-0.118,-0.019,-0.406
88,-1.75,-0.42,0.28,-0.11914,-0.054199,1.0049,-0.117,-0.019,-0.406
89,-0.84,-0.35,0.84,-0.11353,-0.059204,0.9967,-0.118,-0.019,-0.406
90,-0.35,-0.63,1.19,-0.10962,-0.063721,0.99365,-0.118,-0.018,-0.406
91,-0.35,-0.77,0.84,-0.10425,-0.064819,0.98682,-0.118,-0.018,-0.406
92,-0.98,-0.28,0.35,-0.10376,-0.065308,0.98145,-0.118,-0.018,-0.406
93,-1.68,0.14,-0.21,-0.10388,-0.06665,0.97852,-0.118,-0.018,-0.406
94,-2.1,0.21,-0.56,-0.10315,-0.067871,0.97473,-0.118,-0.018,-0.405
95,-2.38,-0.28,-0.7,-0.10474,-0.067627,0.97351,-0.118,-0.017,-0.404
96,-3.01,-1.26,-0.63,-0.10461,-0.064453,0.98364,-0.117,-0.017,-0.405
97,-3.99,-2.24,-0.56,-0.10754,-0.063477,1.0017,-0.117,-0.017,-0.405
98,-4.76,-2.73,-0.56,-0.11377,-0.058228,1.0089,-0.117,-0.016,-0.405
99,-4.83,-2.87,-0.49,-0.11206,-0.053711,1.0154,-0.118,-0.016,-0.405
100,-4.13,-2.38,-0.21,-0.10425,-0.050049,1.0164,-0.118,-0.016,-0.406
101,-3.15,-1.05,0,-0.0979,-0.05249,1.0117,-0.118,-0.016,-0.405
102,-2.1,0.42,-0.28,-0.10071,-0.060913,1.0016,-0.118,-0.016,-0.405
103,-1.05,1.54,-1.05,-0.1062,-0.066895,0.98584,-0.117,-0.015,-0.405
104,-0.56,2.17,-1.47,-0.11157,-0.073608,0.97974,-0.117,-0.016,-0.404
105,-0.77,1.54,-1.54,-0.11108,-0.072632,0.9856,-0.117,-0.015,-0.405
106,-1.89,0.49,-1.12,-0.11108,-0.067017,0.99524,-0.117,-0.015,-0.404
107,-2.94,-0.28,-0.77,-0.11072,-0.062378,1.007,-0.117,-0.015,-0.405
108,-3.64,-1.05,-0.56,-0.11304,-0.05957,1.0203,-0.117,-0.015,-0.404
109,-3.5,-1.26,-0.7,-0.11914,-0.057251,1.0182,-0.117,-0.015,-0.404
110,-2.73,-0.56,-0.98,-0.12671,-0.056763,1.0153,-0.118,-0.015,-0.405
111,-1.89,0.42,-0.91,-0.12781,-0.058472,1.015,-0.118,-0.015,-0.405
112,-1.19,1.33,-0.56,-0.11829,-0.056885,1.012,-0.118,-0.014,-0.405
113,-0.56,1.89,0.07,-0.10962,-0.05835,1.0054,-0.118,-0.014,-0.405
114,0,2.17,0.42,-0.11328,-0.066895,0.99194,-0.118,-0.014,-0.405
115,0.7,1.96,0,-0.12341,-0.070068,0.97424,-0.118,-0.014,-0.405
116,1.12,1.19,-0.42,-0.12573,-0.072876,0.96558,-0.119,-0.013,-0.405
117,-0.7,0.21,0.35,-0.12573,-0.072876,0.96533,-0.119,-0.013,-0.405
118,-2.17,0,0.77,-0.12341,-0.07019,0.974,-0.119,-0.013,-0.405
119,-3.08,-0.07,1.12,-0.11597,-0.06543,0.9928,-0.119,-0.012,-0.405
120,-3.22,0.35,1.05,-0.11194,-0.06189,0.99841,-0.119,-0.012,-0.405
121,-2.66,0.91,0.7,-0.11316,-0.062134,0.99597,-0.118,-0.013,-0.404
122,-2.24,1.05,0.14,-0.11853,-0.066406,0.99561,-0.118,-0.013,-0.404
123,-2.1,1.05,0.07,-0.12292,-0.067993,0.99597,-0.118,-0.013,-0.404
124,-2.24,1.05,0.63,-0.1228,-0.071777,1.0026,-0.118,-0.013,-0.404
125,-2.52,0.84,1.33,-0.11743,-0.069458,1.0055,-0.118,-0.012,-0.404
126,-2.52,0.49,1.68,-0.10913,-0.067749,1.0128,-0.118,-0.012,-0.405
127,-2.45,-0.42,1.47,-0.11011,-0.070068,1.022,-0.118,-0.012,-0.404
128,-2.03,-0.98,1.12,-0.11072,-0.070068,1.0198,-0.118,-0.012,-0.404
129,-1.68,-1.19,0.98,-0.11511,-0.070923,1.0132,-0.117,-0.012,-0.404
130,-1.75,-1.33,0.84,-0.12048,-0.074463,1.0198,-0.117,-0.012,-0.404
131,-2.03,-1.47,0.98,-0.11975,-0.077637,1.0292,-0.117,-0.011,-0.403
132,-2.1,-1.26,1.4,-0.11548,-0.075806,1.0319,-0.117,-0.012,-0.403
133,-1.82,-1.33,1.82,-0.11096,-0.07959,1.0371,-0.117,-0.012,-0.404
134,-1.61,-2.03,1.89,-0.10828,-0.084473,1.0439,-0.117,-0.011,-0.403
135,-1.33,-2.94,1.96,-0.10852,-0.085815,1.0448,-0.117,-0.011,-0.403
136,-1.05,-3.78,2.1,-0.10229,-0.079712,1.0413,-0.117,-0.011,-0.403
137,-1.19,-4.62,1.82,-0.10083,-0.076416,1.0428,-0.117,-0.01,-0.403
138,-1.26,-5.6,1.47,-0.10461,-0.080444,1.0406,-0.117,-0.01,-0.403
139,-0.98,-6.86,1.47,-0.10339,-0.085205,1.0352,-0.118,-0.01,-0.403
140,-0.7,-8.61,1.89,-0.10291,-0.091675,1.03,-0.118,-0.009,-0.403
141,-1.19,-10.5,2.17,-0.10522,-0.099365,1.0316,-0.118,-0.009,-0.403
142,-2.52,-12.53,2.52,-0.10681,-0.10559,1.0454,-0.118,-0.009,-0.403
143,-4.27,-14.28,2.94,-0.091675,-0.10669,1.0834,-0.118,-0.009,-0.403
144,-5.67,-15.12,3.08,-0.087036,-0.098999,1.1133,-0.118,-0.008,-0.404
145,-5.6,-15.19,2.45,-0.08374,-0.089966,1.1306,-0.119,-0.008,-0.403
146,-4.48,-15.26,1.26,-0.093994,-0.082275,1.1477,-0.119,-0.008,-0.403
147,-2.73,-14.98,0.35,-0.097046,-0.076416,1.1528,-0.12,-0.008,-0.403
148,-0.21,-14.21,0.14,-0.10095,-0.074585,1.1493,-0.12,-0.008,-0.403
149,2.73,-13.79,0.49,-0.10022,-0.078247,1.142,-0.12,-0.008,-0.403
150,5.25,-13.44,0.56,-0.098511,-0.085083,1.1287,-0.121,-0.008,-0.403
151,7,-12.88,0.84,-0.091309,-0.083984,1.1172,-0.122,-0.007,-0.402
152,8.12,-12.67,0.77,-0.085815,-0.083496,1.1085,-0.123,-0.007,-0.402
153,9.1,-12.18,0.56,-0.079102,-0.083984,1.0992,-0.123,-0.007,-0.402
154,9.94,-12.04,0.28,-0.072021,-0.084595,1.092,-0.124,-0.006,-0.402
155,10.71,-11.97,0,-0.072876,-0.087158,1.079,-0.125,-0.006,-0.402
156,10.92,-12.11,-0.28,-0.071411,-0.087891,1.0726,-0.125,-0.006,-0.401
157,10.5,-12.67,-0.49,-0.074707,-0.086548,1.0701,-0.126,-0.006,-0.401
158,9.66,-13.23,-0.49,-0.073242,-0.080933,1.073,-0.127,-0.006,-0.401
159,9.17,-14.07,-0.21,-0.070435,-0.075317,1.0844,-0.128,-0.007,-0.401
160,9.1,-14.28,0,-0.071777,-0.067749,1.0947,-0.129,-0.007,-0.401
161,9.66,-14.07,0.07,-0.069946,-0.062744,1.1113,-0.13,-0.007,-0.401
162,10.64,-13.44,0.42,-0.062134,-0.05896,1.1244,-0.131,-0.007,-0.4
163,12.04,-11.9,0.63,-0.052002,-0.055054,1.1262,-0.131,-0.007,-0.399
164,13.58,-10.29,0.35,-0.048462,-0.054688,1.1199,-0.132,-0.008,-0.399
165,14.98,-9.66,-0.42,-0.047729,-0.054199,1.1127,-0.134,-0.008,-0.399
166,16.03,-9.87,-1.12,-0.051392,-0.057373,1.0996,-0.135,-0.009,-0.399
167,17.01,-10.57,-1.75,-0.053589,-0.058838,1.0881,-0.136,-0.009,-0.398
168,17.64,-12.11,-1.68,-0.055176,-0.061646,1.0841,-0.137,-0.01,-0.398
169,17.92,-14.07,-1.33,-0.055786,-0.0625,1.0815,-0.138,-0.011,-0.397
170,17.64,-15.68,-0.91,-0.059082,-0.061279,1.0864,-0.139,-0.011,-0.397
171,17.15,-17.15,-0.56,-0.053955,-0.046875,1.1027,-0.14,-0.012,-0.396
172,17.15,-18.2,-0.35,-0.051514,-0.032715,1.1194,-0.141,-0.013,-0.395
173,18.27,-18.41,-0.56,-0.050049,-0.022095,1.1248,-0.142,-0.014,-0.394
174,20.65,-17.36,-0.77,-0.049805,-0.017822,1.1116,-0.143,-0.015,-0.393
175,23.66,-15.54,-1.05,-0.05188,-0.019165,1.0791,-0.144,-0.017,-0.393
176,26.25,-14.07,-1.26,-0.052979,-0.022461,1.0466,-0.145,-0.018,-0.393
177,27.72,-13.23,-1.26,-0.059448,-0.028687,1.0254,-0.146,-0.019,-0.393
178,28,-13.23,-1.12,-0.061279,-0.032104,1.0211,-0.148,-0.02,-0.392
179,27.23,-13.02,-0.63,-0.057373,-0.023438,1.0234,-0.149,-0.021,-0.392
180,26.25,-11.48,-0.28,-0.049683,-0.014404,1.0238,-0.15,-0.023,-0.392
181,25.76,-9.73,-0.07,-0.041138,-0.0058594,1.0284,-0.151,-0.025,-0.392
182,25.97,-8.05,-0.07,-0.036133,0.003418,1.0201,-0.152,-0.026,-0.392
183,26.81,-6.65,-0.14,-0.030029,0.01001,1.0046,-0.153,-0.028,-0.391
184,27.79,-6.16,-0.14,-0.028809,0.010742,0.99207,-0.154,-0.029,-0.391
185,28.49,-6.72,-0.07,-0.029297,0.0098877,0.979,-0.155,-0.031,-0.39
186,28.49,-7.84,0.35,-0.027588,0.012207,0.97046,-0.157,-0.033,-0.39
187,27.58,-9.45,0.91,-0.025757,0.015625,0.97131,-0.158,-0.035,-0.389
188,26.32,-11.34,1.47,-0.019653,0.021729,0.98035,-0.159,-0.037,-0.389
189,24.92,-12.6,2.03,-0.0048828,0.033813,0.99243,-0.16,-0.039,-0.389
190,24.08,-12.67,2.1,0.0037842,0.047485,0.98987,-0.161,-0.04,-0.388
191,24.01,-12.04,1.54,0.0042725,0.053833,0.9812,-0.162,-0.042,-0.387
192,24.5,-11.55,0.28,0.00048828,0.053955,0.96973,-0.163,-0.045,-0.387
193,25.06,-11.2,-0.35,-0.00085449,0.05249,0.95105,-0.164,-0.047,-0.387
194,25.13,-11.27,-0.35,-0.0019531,0.050537,0.94312,-0.165,-0.049,-0.386
195,24.08,-11.69,0,-0.00085449,0.049194,0.95068,-0.166,-0.051,-0.386
196,22.54,-12.74,0.42,0.0032959,0.056641,0.96484,-0.167,-0.053,-0.386
197,20.86,-13.72,0.77,0.0092773,0.066406,0.98328,-0.168,-0.055,-0.385
198,19.6,-14.14,0.77,0.013062,0.080566,0.98743,-0.169,-0.057,-0.385
199,19.18,-13.86,0.35,0.016602,0.089233,0.99023,-0.17,-0.059,-0.384
200,19.39,-13.37,-0.14,0.015991,0.09082,0.9873,-0.171,-0.062,-0.384
201,20.09,-12.95,-0.77,0.010132,0.091064,0.9801,-0.172,-0.064,-0.384
202,20.65,-13.16,-1.12,0.0013428,0.090088,0.97559,-0.173,-0.066,-0.383
203,20.93,-14.14,-1.05,-0.0042725,0.090576,0.97424,-0.175,-0.068,-0.383
204,20.72,-14.91,-0.07,0.0025635,0.096069,0.97534,-0.176,-0.07,-0.383
205,20.09,-15.12,1.33,0.014771,0.10144,0.97864,-0.177,-0.072,-0.382
206,19.6,-15.12,2.1,0.022583,0.10596,0.98022,-0.178,-0.074,-0.381
207,19.95,-15.05,1.96,0.022461,0.10974,0.97083,-0.179,-0.075,-0.38
208,20.79,-15.19,1.47,0.019165,0.11145,0.95569,-0.18,-0.077,-0.38
209,21.07,-15.68,0.98,0.0096436,0.10938,0.95105,-0.181,-0.079,-0.379
210,20.44,-16.24,1.05,0.0070801,0.11133,0.95837,-0.182,-0.081,-0.378
211,19.32,-16.66,1.75,0.010742,0.12024,0.96411,-0.183,-0.083,-0.377
212,18.48,-16.52,2.87,0.017334,0.12329,0.96838,-0.184,-0.085,-0.376
213,18.48,-16.31,3.71,0.02356,0.12463,0.96606,-0.186,-0.087,-0.376
214,18.83,-16.17,4.13,0.026123,0.12817,0.95813,-0.187,-0.089,-0.375
215,19.11,-16.59,4.27,0.027954,0.12842,0.95801,-0.188,-0.091,-0.374
216,19.04,-17.08,4.48,0.029785,0.12549,0.96753,-0.189,-0.093,-0.373
217,18.55,-17.15,4.97,0.030762,0.12402,0.9812,-0.19,-0.094,-0.372
218,17.99,-16.59,5.74,0.041138,0.13293,0.9989,-0.191,-0.096,-0.371
219,17.64,-15.54,6.37,0.05957,0.14502,1.0076,-0.193,-0.098,-0.369
220,17.5,-13.44,6.65,0.066162,0.16028,1.0186,-0.194,-0.1,-0.369
221,17.78,-10.57,6.02,0.068848,0.16321,1.0214,-0.196,-0.102,-0.368
222,18.48,-6.72,5.53,0.080566,0.16663,1.0212,-0.197,-0.103,-0.367
223,20.16,-3.08,5.25,0.090942,0.17175,1.009,-0.198,-0.104,-0.366
224,22.26,-0.42,4.9,0.098267,0.17273,0.99219,-0.199,-0.106,-0.365
225,23.8,0.42,4.48,0.10229,0.16687,0.98096,-0.2,-0.107,-0.364
226,24.43,-0.14,4.06,0.10571,0.16418,0.97278,-0.201,-0.109,-0.363
227,24.15,-1.54,4.06,0.11975,0.172,0.96228,-0.202,-0.11,-0.361
228,23.24,-3.01,4.13,0.13171,0.17505,0.95837,-0.203,-0.112,-0.36
229,22.26,-5.32,3.57,0.13135,0.17493,0.96191,-0.204,-0.114,-0.359
230,21.49,-8.05,2.87,0.13074,0.17969,0.9624,-0.206,-0.115,-0.358
231,21.35,-10.29,2.31,0.12781,0.19141,0.95544,-0.207,-0.117,-0.357
232,21.28,-12.04,1.54,0.12231,0.20239,0.9519,-0.208,-0.118,-0.356
233,21.07,-13.16,0.7,0.12305,0.20898,0.94385,-0.209,-0.12,-0.355
234,21,-13.44,0.14,0.12292,0.20923,0.9314,-0.21,-0.121,-0.354
235,21.07,-13.65,-0.35,0.11841,0.20422,0.91833,-0.211,-0.123,-0.352
236,21.07,-14.35,-0.56,0.11316,0.2041,0.91138,-0.212,-0.124,-0.35
237,20.51,-15.54,-0.84,0.10718,0.20752,0.91406,-0.213,-0.126,-0.349
238,19.25,-16.38,-0.77,0.10986,0.21497,0.92761,-0.214,-0.128,-0.348
239,17.57,-16.45,-0.49,0.11646,0.22314,0.94482,-0.215,-0.129,-0.347
240,16.38,-16.45,-0.28,0.11963,0.22534,0.95618,-0.216,-0.131,-0.346
241,16.1,-16.94,-0.28,0.1095,0.22693,0.95251,-0.217,-0.132,-0.345
242,16.59,-17.78,-0.21,0.095947,0.22375,0.94714,-0.218,-0.134,-0.344
243,17.08,-19.18,0,0.08252,0.22363,0.94409,-0.219,-0.135,-0.342
244,17.29,-20.23,0.98,0.079224,0.22827,0.94958,-0.22,-0.136,-0.341
245,17.01,-20.09,2.52,0.10486,0.2406,0.96497,-0.221,-0.138,-0.34
246,16.8,-17.92,4.27,0.13184,0.24658,0.96472,-0.222,-0.139,-0.34
247,17.01,-13.86,4.69,0.14893,0.24426,0.96692,-0.223,-0.14,-0.338
248,17.57,-9.94,3.78,0.15137,0.24438,0.9469,-0.224,-0.141,-0.337
249,18.55,-7.35,2.38,0.14185,0.24182,0.93506,-0.224,-0.143,-0.337
250,19.04,-7.14,1.19,0.12732,0.2373,0.94067,-0.225,-0.144,-0.336
251,18.41,-8.75,1.33,0.13757,0.24695,0.95959,-0.226,-0.145,-0.333
252,17.01,-10.36,2.87,0.15991,0.26392,0.98547,-0.227,-0.146,-0.331
253,15.89,-11.27,4.2,0.18018,0.27954,1.0044,-0.227,-0.148,-0.331
254,15.89,-10.92,4.13,0.18872,0.29187,0.99976,-0.229,-0.149,-0.329
255,17.64,-9.45,2.87,0.18909,0.29041,0.97461,-0.229,-0.15,-0.327
256,20.37,-7.84,0.91,0.18237,0.28284,0.94104,-0.23,-0.152,-0.326
257,23.1,-7,-0.77,0.16711,0.27173,0.90723,-0.231,-0.153,-0.326
258,24.57,-7.91,-1.75,0.15869,0.26855,0.88843,-0.232,-0.154,-0.325
259,24.15,-10.71,-1.75,0.15674,0.27478,0.88916,-0.233,-0.155,-0.323
260,22.12,-13.86,-1.05,0.16162,0.28748,0.9054,-0.234,-0.156,-0.321
261,19.74,-16.31,-0.21,0.16711,0.30164,0.92456,-0.234,-0.158,-0.319
262,17.85,-17.57,0,0.16772,0.31238,0.93616,-0.235,-0.159,-0.318
263,17.22,-17.36,-0.56,0.15747,0.31738,0.93274,-0.236,-0.16,-0.317
264,18.06,-15.96,-1.4,0.14075,0.31775,0.91467,-0.237,-0.161,-0.315
265,19.88,-14.35,-1.96,0.14209,0.31689,0.89734,-0.238,-0.163,-0.314
266,21.7,-13.02,-1.68,0.15015,0.31274,0.8656,-0.238,-0.164,-0.313
267,23.03,-11.41,-1.05,0.15308,0.30042,0.84277,-0.239,-0.165,-0.312
268,23.17,-10.01,-0.63,0.15686,0.29395,0.83044,-0.24,-0.166,-0.31
269,20.37,-9.94,-0.14,0.15784,0.29639,0.82739,-0.241,-0.168,-0.308
270,18.13,-11.41,0.07,0.15405,0.30994,0.8335,-0.242,-0.169,-0.306
271,16.24,-11.13,0.28,0.15955,0.33521,0.84448,-0.242,-0.17,-0.304
272,15.54,-8.75,0.49,0.1604,0.35461,0.84766,-0.243,-0.171,-0.303
273,16.24,-5.11,0.7,0.16736,0.36328,0.82764,-0.244,-0.172,-0.302
274,17.71,-0.91,0.7,0.17627,0.36658,0.79468,-0.244,-0.173,-0.301
275,19.25,2.66,0.42,0.18542,0.36035,0.74829,-0.245,-0.174,-0.299
276,19.39,5.18,0.35,0.19763,0.3512,0.7207,-0.245,-0.176,-0.297
277,18.13,6.58,0,0.20605,0.34338,0.70117,-0.246,-0.177,-0.296
278,15.33,6.44,-0.49,0.2124,0.34204,0.69556,-0.247,-0.178,-0.295
279,11.69,5.18,-0.56,0.22595,0.34998,0.70093,-0.247,-0.179,-0.293
280,8.05,2.8,-1.12,0.24072,0.36414,0.70874,-0.248,-0.18,-0.292
281,5.18,0,-2.45,0.24194,0.3739,0.71228,-0.248,-0.181,-0.291
282,3.15,-2.66,-3.5,0.2312,0.37903,0.71338,-0.249,-0.182,-0.291
283,2.03,-4.34,-3.99,0.21838,0.38184,0.69739,-0.249,-0.183,-0.29
284,1.33,-5.04,-3.92,0.20056,0.38037,0.67847,-0.249,-0.184,-0.289
285,0.91,-5.11,-2.94,0.18909,0.37634,0.65686,-0.25,-0.185,-0.288
286,0.07,-5.25,-1.47,0.20007,0.38025,0.64587,-0.251,-0.186,-0.287
287,-1.4,-4.48,-0.14,0.21167,0.37769,0.64258,-0.251,-0.187,-0.286
288,-3.64,-2.03,0.42,0.2251,0.37439,0.6394,-0.251,-0.188,-0.285
289,-6.23,0.63,-0.07,0.23645,0.36975,0.64832,-0.251,-0.189,-0.284
290,-8.89,2.38,-1.26,0.23572,0.36414,0.65259,-0.252,-0.19,-0.284
291,-11.06,3.64,-2.38,0.22498,0.35645,0.65198,-0.252,-0.191,-0.283
292,-13.3,4.13,-2.87,0.20837,0.34338,0.65637,-0.252,-0.191,-0.282
293,-15.89,3.08,-2.38,0.19446,0.3363,0.67224,-0.253,-0.191,-0.283
294,-18.69,0.98,-1.05,0.18445,0.34546,0.70386,-0.253,-0.192,-0.282
295,-21.21,0,0.77,0.18237,0.35925,0.74866,-0.253,-0.192,-0.281
296,-22.54,1.47,2.59,0.19312,0.36963,0.78381,-0.253,-0.192,-0.281
297,-21.7,4.83,3.43,0.20398,0.36658,0.79272,-0.253,-0.193,-0.281
298,-19.67,9.31,3.36,0.20593,0.34424,0.78662,-0.253,-0.193,-0.282
299,-18.41,13.02,2.66,0.19971,0.31714,0.77307,-0.253,-0.193,-0.281
300,-18.97,14.84,2.24,0.19836,0.29968,0.75916,-0.253,-0.193,-0.281
301,-21.49,14.56,2.03,0.19226,0.28992,0.76538,-0.253,-0.193,-0.282
302,-24.78,12.74,2.24,0.17957,0.28345,0.80469,-0.253,-0.193,-0.282
303,-27.65,10.57,3.15,0.1637,0.29468,0.85034,-0.253,-0.192,-0.282
304,-28.63,9.8,4.2,0.14648,0.31079,0.88367,-0.253,-0.192,-0.283
305,-26.88,10.78,5.18,0.14124,0.32532,0.88709,-0.253,-0.191,-0.283
306,-22.54,13.44,5.88,0.15002,0.32117,0.85828,-0.252,-0.19,-0.284
307,-18.06,17.64,6.58,0.16321,0.28796,0.8313,-0.252,-0.189,-0.284
308,-15.96,22.19,6.93,0.16687,0.24231,0.79456,-0.251,-0.189,-0.285
309,-17.5,24.43,5.95,0.15686,0.21777,0.7627,-0.251,-0.188,-0.286
310,-22.68,23.03,4.13,0.13904,0.21277,0.78638,-0.25,-0.188,-0.286
311,-29.61,20.79,2.73,0.11377,0.22058,0.84204,-0.25,-0.187,-0.287
312,-34.93,19.25,2.87,0.090332,0.24512,0.90625,-0.249,-0.186,-0.289
313,-36.05,18.48,3.92,0.071777,0.28162,0.97021,-0.249,-0.185,-0.29
314,-32.76,20.79,5.81,0.086548,0.31311,0.96948,-0.248,-0.184,-0.291
315,-26.46,27.58,7.91,0.10767,0.30566,0.92908,-0.248,-0.182,-0.292
316,-19.6,36.05,9.03,0.12219,0.26819,0.88086,-0.247,-0.181,-0.293
317,-14.84,42.42,8.61,0.13452,0.23596,0.82788,-0.246,-0.18,-0.295
318,-13.65,45.5,7.21,0.12891,0.19763,0.78918,-0.246,-0.178,-0.296
319,-16.52,45.36,5.67,0.11401,0.15442,0.79089,-0.245,-0.177,-0.297
320,-22.12,42.07,4.97,0.10254,0.1427,0.81848,-0.244,-0.175,-0.299
321,-28.28,37.24,4.69,0.10547,0.16504,0.86145,-0.242,-0.174,-0.301
322,-33.32,32.48,4.13,0.10193,0.2002,0.90979,-0.241,-0.172,-0.303
323,-36.33,29.75,3.15,0.091309,0.22742,0.95349,-0.24,-0.171,-0.304
324,-36.47,29.33,2.38,0.073364,0.23792,0.97498,-0.239,-0.169,-0.306
325,-33.74,30.17,2.1,0.062256,0.23364,0.96484,-0.237,-0.167,-0.308
326,-29.61,31.36,2.59,0.05603,0.21558,0.953,-0.236,-0.165,-0.31
327,-26.11,32.69,3.22,0.055542,0.19116,0.94287,-0.235,-0.163,-0.312
328,-24.36,33.39,3.29,0.057373,0.16821,0.94348,-0.233,-0.162,-0.314
329,-24.43,32.83,2.52,0.047974,0.15271,0.94177,-0.232,-0.16,-0.317
330,-25.41,31.29,1.26,0.038086,0.14709,0.93311,-0.229,-0.157,-0.319
331,-26.74,28.63,0.35,0.012817,0.14197,0.93433,-0.226,-0.153,-0.324
332,-27.93,25.55,0.14,-0.019897,0.13574,0.93945,-0.224,-0.15,-0.325
333,-28.35,22.54,1.12,-0.066284,0.1217,0.96387,-0.222,-0.147,-0.327
334,-27.72,21.63,3.43,-0.031494,0.14441,0.96936,-0.218,-0.146,-0.329
335,-26.67,24.29,5.95,0.0042725,0.18823,0.9375,-0.218,-0.143,-0.333
336,-25.9,28.56,4.97,0.0064697,0.15393,0.94019,-0.217,-0.141,-0.336
337,-25.83,32.76,2.45,-0.010376,0.099365,0.95325,-0.212,-0.139,-0.335
338,-26.46,36.12,1.4,-0.011841,0.080444,0.94629,-0.21,-0.136,-0.34
339,-28.49,35.84,0.35,-0.022705,0.079224,0.95886,-0.209,-0.134,-0.343
340,-31.64,32.27,-1.19,-0.036499,0.078979,1.0037,-0.205,-0.132,-0.343
341,-34.93,28.63,-2.1,-0.056763,0.081177,1.0549,-0.204,-0.13,-0.345
342,-36.4,26.81,-2.31,-0.059448,0.10681,1.0791,-0.203,-0.126,-0.351
343,-35.35,25.48,-2.38,-0.064697,0.12927,1.0822,-0.2,-0.125,-0.349
344,-32.2,24.08,-2.73,-0.085327,0.12219,1.0757,-0.197,-0.121,-0.353
345,-28,23.38,-2.38,-0.10278,0.11035,1.0305,-0.195,-0.12,-0.355
346,-23.59,22.96,-1.26,-0.12012,0.096313,0.98682,-0.192,-0.116,-0.356
347,-20.09,21.77,0.21,-0.12988,0.07373,0.9491,-0.192,-0.114,-0.358
348,-18.97,20.72,2.03,-0.11279,0.059692,0.93115,-0.188,-0.114,-0.357
349,-20.51,21.42,3.99,-0.09436,0.040161,0.93738,-0.187,-0.113,-0.357
350,-24.22,23.45,4.9,-0.072388,0.018677,0.96399,-0.186,-0.108,-0.362
351,-28.49,25.55,4.69,-0.062378,0.015747,1.0051,-0.182,-0.107,-0.362
352,-31.92,26.39,3.01,-0.075195,0.025513,1.035,-0.182,-0.103,-0.366
353,-33.81,26.39,0.7,-0.092773,0.039551,1.0576,-0.178,-0.102,-0.368
354,-33.88,26.18,-0.56,-0.1228,0.052002,1.079,-0.175,-0.099,-0.368
355,-31.85,26.04,-0.49,-0.13818,0.066284,1.0754,-0.176,-0.098,-0.371
356,-27.44,26.74,1.12,-0.13391,0.078125,1.0405,-0.173,-0.095,-0.374
357,-21.49,27.65,3.22,-0.12109,0.071045,0.98096,-0.169,-0.091,-0.372
358,-15.61,27.79,4.27,-0.11621,0.039673,0.91309,-0.168,-0.088,-0.375
359,-12.11,27.09,4.9,-0.10925,-0.0054932,0.85474,-0.166,-0.088,-0.376
360,-12.6,25.69,5.6,-0.097656,-0.045044,0.83435,-0.163,-0.086,-0.38
361,-17.64,23.24,6.37,-0.09314,-0.069336,0.85583,-0.161,-0.08,-0.383
362,-25.62,19.88,6.51,-0.092651,-0.063843,0.92725,-0.159,-0.081,-0.38
363,-34.23,17.5,6.37,-0.079346,-0.019165,1.0295,-0.156,-0.078,-0.382
364,-40.04,18.06,5.39,-0.081665,0.019653,1.0861,-0.155,-0.075,-0.382
365,-40.46,20.93,2.66,-0.10571,0.048096,1.1204,-0.153,-0.074,-0.385
366,-35.42,25.06,-0.35,-0.12097,0.055298,1.0924,-0.151,-0.072,-0.386
367,-26.81,29.19,-2.03,-0.13403,0.037109,1.0052,-0.149,-0.07,-0.387
368,-17.92,31.08,-2.59,-0.16431,-0.016602,0.91211,-0.147,-0.068,-0.387
369,-12.81,29.05,-1.89,-0.18689,-0.085205,0.86121,-0.145,-0.065,-0.388
370,-13.79,24.92,0.91,-0.16968,-0.11731,0.86255,-0.144,-0.063,-0.39
371,-19.88,21.14,4.83,-0.13831,-0.099243,0.90332,-0.141,-0.061,-0.391
372,-28.35,18.69,6.72,-0.11841,-0.062988,0.97217,-0.14,-0.06,-0.391
373,-35.35,18.13,5.25,-0.13062,-0.031982,1.0125,-0.138,-0.057,-0.392
374,-37.45,20.65,1.89,-0.15332,-0.018921,1.0244,-0.136,-0.055,-0.393
375,-34.51,23.31,-1.05,-0.18201,-0.015747,0.99548,-0.134,-0.052,-0.394
376,-29.05,25.13,-2.66,-0.21143,-0.030762,0.94019,-0.131,-0.049,-0.396
377,-23.94,25.13,-2.66,-0.23389,-0.072632,0.90417,-0.129,-0.046,-0.396
378,-21.84,23.59,-0.84,-0.24011,-0.10669,0.8894,-0.128,-0.045,-0.398
379,-22.82,21.42,2.31,-0.22449,-0.11377,0.90015,-0.127,-0.043,-0.4
380,-26.53,19.39,5.18,-0.20947,-0.10388,0.93958,-0.125,-0.041,-0.4
381,-30.73,18.2,6.23,-0.20703,-0.090454,0.97913,-0.123,-0.038,-0.401
382,-33.18,18.48,5.46,-0.21899,-0.082153,0.99536,-0.121,-0.036,-0.402
383,-33.04,19.67,4.06,-0.2395,-0.067139,0.99182,-0.119,-0.033,-0.402
384,-30.94,21.07,2.94,-0.25928,-0.068726,0.97412,-0.117,-0.031,-0.403
385,-27.51,22.12,2.8,-0.27307,-0.075684,0.94714,-0.115,-0.028,-0.403
386,-23.94,22.61,3.99,-0.27136,-0.096069,0.91895,-0.113,-0.025,-0.403
387,-21,22.68,5.95,-0.25842,-0.11902,0.90747,-0.111,-0.023,-0.404
388,-19.74,21.49,8.05,-0.24097,-0.13086,0.9043,-0.109,-0.02,-0.404
389,-20.86,20.51,9.590001,-0.22559,-0.13684,0.92383,-0.107,-0.018,-0.405
390,-24.22,21,10.22,-0.2207,-0.14014,0.95142,-0.105,-0.015,-0.405
391,-27.86,22.68,9.87,-0.21655,-0.13049,0.97351,-0.103,-0.012,-0.404
392,-29.47,25.55,8.68,-0.22656,-0.12646,0.98181,-0.101,-0.009,-0.405
393,-28.56,28.28,7.14,-0.2251,-0.11768,0.98767,-0.099,-0.006,-0.405
394,-25.69,30.87,5.95,-0.22034,-0.10791,0.96704,-0.097,-0.004,-0.406
395,-21.91,33.74,4.97,-0.21399,-0.11194,0.94165,-0.094,-0.002,-0.406
396,-18.34,35.21,3.92,-0.22949,-0.13745,0.922,-0.092,0,-0.406
397,-15.75,34.37,2.8,-0.25183,-0.16431,0.89404,-0.09,0.002,-0.406
398,-14.91,31.99,2.52,-0.25488,-0.17664,0.88855,-0.088,0.005,-0.407
399,-16.87,29.12,3.29,-0.24829,-0.1615,0.92578,-0.086,0.008,-0.407
400,-20.65,27.23,3.78,-0.22754,-0.12732,0.93225,-0.084,0.01,-0.408
401,-23.59,27.72,3.22,-0.21741,-0.11523,0.92065,-0.082,0.012,-0.408
402,-23.45,28.91,0.77,-0.20374,-0.13293,0.92187,-0.08,0.015,-0.408
403,-20.93,28.7,-2.73,-0.23071,-0.16333,0.88574,-0.078,0.017,-0.408
404,-18.06,27.3,-6.58,-0.27112,-0.1897,0.84558,-0.076,0.02,-0.408
405,-17.92,24.64,-9.45,-0.30603,-0.20801,0.86719,-0.074,0.023,-0.408
406,-22.82,20.93,-10.01,-0.31653,-0.20813,0.92798,-0.072,0.025,-0.409
407,-30.24,18.97,-8.96,-0.32434,-0.1947,0.99194,-0.07,0.027,-0.408
408,-35.98,18.06,-8.61,-0.36768,-0.19141,1.0641,-0.068,0.03,-0.408
409,-37.73,17.99,-10.15,-0.41455,-0.19714,1.0941,-0.066,0.032,-0.408
410,-35.7,19.53,-11.69,-0.4436,-0.20483,1.0869,-0.064,0.034,-0.408
411,-31.36,23.03,-11.9,-0.4281,-0.21228,1.0674,-0.062,0.037,-0.408
412,-27.37,27.51,-10.71,-0.40527,-0.22559,1.0618,-0.06,0.039,-0.409
413,-25.34,31.22,-9.73,-0.40393,-0.25598,1.0677,-0.058,0.041,-0.409
414,-25.13,32.9,-9.66,-0.40405,-0.2876,1.0831,-0.056,0.044,-0.409
415,-25.9,32.83,-9.31,-0.39063,-0.29773,1.094,-0.054,0.046,-0.409
416,-27.58,31.99,-8.19,-0.36353,-0.29114,1.1212,-0.052,0.048,-0.408
417,-29.26,30.38,-7.49,-0.37488,-0.28345,1.1422,-0.05,0.05,-0.409
418,-29.96,28.49,-8.4,-0.3905,-0.28271,1.1353,-0.048,0.052,-0.409
419,-28.77,27.09,-9.31,-0.40747,-0.28845,1.1256,-0.046,0.054,-0.408
420,-27.02,26.25,-9.1,-0.40613,-0.28918,1.1106,-0.045,0.056,-0.408
421,-25.97,25.2,-6.86,-0.42139,-0.29968,1.1097,-0.043,0.058,-0.408
422,-27.23,21.35,-5.11,-0.4292,-0.31226,1.1108,-0.042,0.06,-0.408
423,-28.56,20.37,-3.01,-0.41003,-0.30786,1.1144,-0.04,0.063,-0.408
424,-29.4,18.83,-2.24,-0.40649,-0.30298,1.1213,-0.039,0.065,-0.407
425,-28.91,16.24,-2.52,-0.41577,-0.31128,1.1113,-0.037,0.067,-0.408
426,-27.72,13.58,-2.17,-0.43445,-0.32629,1.083,-0.036,0.069,-0.407
427,-28.28,10.43,-0.14,-0.42065,-0.3252,1.0804,-0.035,0.071,-0.407
428,-31.15,7.49,2.1,-0.3988,-0.3186,1.1169,-0.033,0.073,-0.407
429,-34.3,6.16,3.36,-0.39172,-0.30957,1.1587,-0.032,0.076,-0.407
430,-36.19,6.44,3.85,-0.38879,-0.30261,1.2041,-0.031,0.078,-0.407
431,-35.7,7.28,3.92,-0.38684,-0.29834,1.2378,-0.03,0.08,-0.407
432,-32.83,7.91,4.06,-0.37964,-0.29639,1.2598,-0.029,0.082,-0.407
433,-29.54,8.33,4.41,-0.36511,-0.29846,1.2858,-0.028,0.085,-0.406
434,-26.39,8.12,4.55,-0.35791,-0.29553,1.3114,-0.027,0.087,-0.406
435,-23.1,7.07,4.76,-0.34912,-0.28723,1.3296,-0.026,0.089,-0.405
436,-19.46,5.81,4.97,-0.3551,-0.28601,1.3489,-0.025,0.091,-0.404
437,-15.47,5.67,5.46,-0.35718,-0.29138,1.3403,-0.024,0.093,-0.404
438,-11.76,6.16,6.65,-0.3678,-0.30994,1.3043,-0.023,0.096,-0.403
439,-8.82,4.69,8.05,-0.35425,-0.32629,1.2793,-0.022,0.098,-0.403
440,-7.84,1.82,9.73,-0.33704,-0.33057,1.2563,-0.021,0.1,-0.403
441,-8.33,-2.45,10.78,-0.32141,-0.33093,1.2655,-0.02,0.101,-0.402
442,-9.24,-8.05,11.06,-0.3042,-0.32202,1.2915,-0.02,0.104,-0.401
443,-9.03,-12.6,10.57,-0.29944,-0.30408,1.3196,-0.019,0.106,-0.401
444,-6.72,-15.89,9.45,-0.30774,-0.29175,1.3392,-0.019,0.107,-0.401
445,-2.24,-17.57,8.4,-0.34314,-0.29382,1.3278,-0.019,0.109,-0.4
446,3.71,-17.64,8.61,-0.39087,-0.31213,1.2791,-0.019,0.112,-0.4
447,9.31,-16.17,10.5,-0.41809,-0.33032,1.2053,-0.019,0.114,-0.399
448,12.67,-14.28,13.72,-0.3916,-0.34253,1.1449,-0.019,0.115,-0.399
449,12.95,-13.16,16.45,-0.31982,-0.34082,1.1318,-0.018,0.117,-0.399
450,11.06,-13.02,15.12,-0.29712,-0.34204,1.1332,-0.018,0.118,-0.398
451,9.1,-12.53,9.94,-0.30664,-0.33765,1.1277,-0.018,0.119,-0.399
452,7.56,-11.9,4.55,-0.35474,-0.33374,1.1139,-0.018,0.12,-0.398
453,7.42,-11.13,1.26,-0.41699,-0.33362,1.0765,-0.018,0.121,-0.398
454,8.61,-12.11,2.03,-0.43933,-0.3313,1.0535,-0.018,0.122,-0.398
455,10.5,-14,6.09,-0.46191,-0.33655,1.0188,-0.018,0.123,-0.398
456,12.18,-15.19,11.83,-0.4856,-0.35571,0.97009,-0.018,0.124,-0.397
457,11.62,-15.96,18.48,-0.42822,-0.34741,0.96521,-0.019,0.125,-0.397
458,8.26,-16.66,23.45,-0.31873,-0.31213,1.0117,-0.019,0.125,-0.396
459,4.69,-17.22,22.54,-0.21313,-0.27893,1.1025,-0.019,0.126,-0.396
460,3.92,-16.73,14.42,-0.20459,-0.27148,1.1477,-0.019,0.126,-0.395
461,7.14,-15.05,3.08,-0.245,-0.27319,1.1343,-0.019,0.127,-0.395
462,13.37,-15.75,-6.09,-0.31531,-0.28772,1.078,-0.019,0.127,-0.395
463,19.53,-19.46,-9.590001,-0.37109,-0.30652,1.0045,-0.02,0.127,-0.394
464,22.96,-24.99,-7.28,-0.40381,-0.31958,0.95105,-0.02,0.127,-0.394
465,23.17,-31.99,-1.54,-0.41638,-0.33276,0.93628,-0.021,0.127,-0.394
466,21.84,-38.85,5.25,-0.39917,-0.33032,0.9552,-0.022,0.126,-0.394
467,19.81,-42.84,11.41,-0.31934,-0.3031,1.0022,-0.022,0.126,-0.394
468,17.99,-42.35,13.93,-0.23645,-0.26489,1.0671,-0.023,0.126,-0.394
469,17.57,-37.94,9.73,-0.22534,-0.24792,1.0977,-0.024,0.125,-0.394
470,20.16,-31.36,0.63,-0.26172,-0.24768,1.0868,-0.026,0.125,-0.394
471,25.06,-24.5,-7.98,-0.3114,-0.25977,1.0247,-0.027,0.124,-0.394
472,29.89,-19.46,-11.97,-0.34229,-0.27637,0.96216,-0.027,0.123,-0.394
473,33.04,-18.83,-10.99,-0.35974,-0.29358,0.92554,-0.028,0.122,-0.394
474,33.46,-21.49,-7.07,-0.36377,-0.29736,0.91577,-0.029,0.121,-0.395
475,31.57,-24.85,-2.17,-0.35193,-0.28699,0.93323,-0.03,0.12,-0.395
476,28.56,-27.02,2.31,-0.29993,-0.26343,0.97546,-0.031,0.119,-0.396
477,26.46,-26.6,4.27,-0.23767,-0.22998,1.006,-0.032,0.117,-0.396
478,26.53,-24.71,1.26,-0.23096,-0.21399,1.0178,-0.033,0.116,-0.396
479,29.12,-22.47,-5.53,-0.27087,-0.22437,0.98889,-0.034,0.115,-0.396
480,32.62,-20.72,-11.34,-0.31812,-0.24243,0.94507,-0.035,0.113,-0.396
481,34.3,-19.95,-13.16,-0.34631,-0.25244,0.91064,-0.037,0.112,-0.397
482,33.18,-19.67,-11.2,-0.34839,-0.25146,0.90405,-0.038,0.11,-0.397
483,30.17,-19.18,-8.33,-0.34827,-0.24084,0.92749,-0.039,0.109,-0.398
484,27.3,-17.29,-5.95,-0.35706,-0.21838,0.96777,-0.04,0.107,-0.398
485,26.53,-13.02,-4.06,-0.35144,-0.19373,0.9873,-0.041,0.105,-0.398
486,28.07,-6.65,-1.89,-0.30286,-0.16687,0.96594,-0.043,0.103,-0.398
487,31.15,-1.12,-0.49,-0.20752,-0.15125,0.96191,-0.044,0.101,-0.399
488,34.09,-1.47,-2.38,-0.17334,-0.16187,0.95532,-0.046,0.099,-0.4
489,36.75,-6.72,-8.12,-0.18799,-0.17908,0.91309,-0.047,0.096,-0.4
490,38.29,-16.24,-13.86,-0.24548,-0.20056,0.88696,-0.048,0.094,-0.4
491,37.94,-27.72,-15.61,-0.30078,-0.21924,0.88391,-0.05,0.092,-0.401
492,35.84,-36.82,-12.46,-0.30713,-0.20496,0.89783,-0.051,0.09,-0.402
493,32.62,-40.46,-7.42,-0.28003,-0.16223,0.91931,-0.053,0.087,-0.403
494,29.82,-38.43,-4.69,-0.27063,-0.13049,0.94263,-0.055,0.084,-0.404
495,29.89,-32.69,-5.11,-0.2804,-0.12378,0.95447,-0.056,0.082,-0.404
496,33.53,-25.13,-6.44,-0.27954,-0.11963,0.93298,-0.058,0.079,-0.406
497,38.78,-17.5,-6.65,-0.25793,-0.12305,0.90161,-0.06,0.076,-0.406
498,43.26,-11.48,-5.95,-0.23718,-0.13464,0.86121,-0.061,0.073,-0.407
499,45.22,-8.4,-5.53,-0.2301,-0.15002,0.83154,-0.063,0.07,-0.408
500,44.52,-8.33,-5.39,-0.23035,-0.16968,0.81677,-0.064,0.065,-0.409
501,41.93,-9.66,-4.27,-0.2052,-0.15649,0.80786,-0.067,0.059,-0.411
502,38.15,-11.06,-2.8,-0.17505,-0.13525,0.79077,-0.068,0.057,-0.41
503,34.3,-12.95,-2.59,-0.17676,-0.12634,0.77942,-0.07,0.051,-0.412
504,30.59,-15.61,-3.29,-0.20886,-0.12463,0.77698,-0.072,0.048,-0.408
505,27.16,-18.48,-3.22,-0.2301,-0.11292,0.79309,-0.074,0.043,-0.41
506,23.45,-20.86,-1.05,-0.22266,-0.10059,0.84436,-0.076,0.041,-0.41
507,20.09,-22.12,2.31,-0.20435,-0.09021,0.91858,-0.077,0.037,-0.414
508,17.85,-21.35,4.62,-0.16125,-0.066528,1.0002,-0.079,0.035,-0.412
509,17.29,-17.92,4.34,-0.13501,-0.042603,1.0421,-0.081,0.03,-0.412
510,17.78,-10.99,0.7,-0.12476,-0.036865,1.049,-0.082,0.028,-0.415
511,18.97,-3.5,-3.99,-0.13965,-0.057739,1.0306,-0.082,0.026,-0.413
512,20.58,-0.42,-7.63,-0.16882,-0.081299,1.0072,-0.084,0.023,-0.412
513,21.7,-3.01,-8.61,-0.18665,-0.095581,1.0073,-0.085,0.023,-0.412
514,20.86,-9.24,-6.23,-0.1759,-0.093384,1.0376,-0.086,0.021,-0.412
515,18.55,-17.15,-2.45,-0.15796,-0.074097,1.0933,-0.087,0.018,-0.412
516,16.45,-24.5,-0.07,-0.13831,-0.044189,1.1421,-0.088,0.015,-0.412
517,15.89,-28.77,0.14,-0.12439,-0.026855,1.1882,-0.09,0.013,-0.412
518,17.57,-30.03,-1.75,-0.13049,-0.02002,1.1979,-0.092,0.011,-0.412
519,21.77,-29.19,-5.04,-0.15222,-0.022095,1.1794,-0.094,0.009,-0.412
520,27.16,-27.72,-8.4,-0.18494,-0.038208,1.1327,-0.096,0.006,-0.412
521,32.13,-26.74,-10.01,-0.21265,-0.057739,1.0837,-0.098,0.003,-0.411
522,35,-26.74,-9.31,-0.22803,-0.077271,1.0448,-0.1,0,-0.411
523,35.14,-27.65,-7.21,-0.22485,-0.073486,1.0382,-0.101,-0.002,-0.411
524,33.11,-29.19,-4.76,-0.2063,-0.052979,1.0638,-0.103,-0.004,-0.41
525,30.1,-29.54,-2.87,-0.17957,-0.019531,1.0941,-0.104,-0.007,-0.41
526,28.63,-27.3,-2.24,-0.14819,0.0084229,1.0978,-0.106,-0.009,-0.409
527,29.96,-23.73,-3.15,-0.13013,0.017456,1.076,-0.108,-0.012,-0.408
528,33.95,-20.93,-5.53,-0.12744,0.0098877,1.024,-0.11,-0.015,-0.407
529,38.64,-19.95,-8.4,-0.13745,-0.0057373,0.97363,-0.111,-0.017,-0.407
530,42.28,-22.19,-10.57,-0.1626,-0.021606,0.93628,-0.113,-0.02,-0.405
531,43.19,-26.53,-11.41,-0.18933,-0.016357,0.93115,-0.115,-0.022,-0.404
532,41.72,-32.06,-10.15,-0.1864,0.0098877,0.95764,-0.118,-0.025,-0.404
533,39.2,-36.4,-7.42,-0.17383,0.042236,0.98499,-0.119,-0.028,-0.403
534,37.94,-37.1,-5.25,-0.14929,0.059448,0.99878,-0.122,-0.031,-0.401
535,38.99,-34.93,-3.99,-0.13977,0.052856,0.98999,-0.127,-0.036,-0.401
536,41.72,-31.15,-4.27,-0.1394,0.040283,0.96497,-0.131,-0.042,-0.398
537,44.45,-27.23,-5.04,-0.1394,0.037964,0.94055,-0.134,-0.048,-0.395
538,45.71,-25.06,-5.39,-0.1449,0.042358,0.93359,-0.14,-0.053,-0.393
539,45.43,-24.71,-4.97,-0.13513,0.053711,0.95532,-0.142,-0.055,-0.387
540,44.38,-25.41,-3.29,-0.10999,0.079346,0.97217,-0.144,-0.059,-0.392
541,44.17,-26.11,-1.12,-0.077393,0.11047,0.96667,-0.146,-0.064,-0.384
542,45.29,-26.11,0.28,-0.054199,0.11609,0.93616,-0.15,-0.068,-0.385
543,47.25,-26.11,0.56,-0.045166,0.10352,0.89624,-0.152,-0.075,-0.385
544,49.21,-27.23,0,-0.039795,0.094116,0.86719,-0.155,-0.078,-0.387
545,49.77,-29.26,-0.35,-0.039429,0.097168,0.84741,-0.16,-0.079,-0.381
546,47.95,-31.15,-0.42,-0.035278,0.10828,0.84973,-0.162,-0.086,-0.38
547,44.1,-33.32,-0.42,-0.038086,0.12268,0.87378,-0.164,-0.09,-0.38
548,40.18,-35.84,-0.77,-0.036011,0.14795,0.89001,-0.169,-0.094,-0.378
549,37.73,-36.19,-0.84,-0.025391,0.17065,0.90015,-0.171,-0.099,-0.369
550,36.75,-35,-0.49,-0.010376,0.19397,0.90503,-0.173,-0.101,-0.367
551,37.24,-33.39,-0.49,-0.0050049,0.20837,0.89575,-0.177,-0.104,-0.366
552,38.78,-32.48,-0.77,-0.0030518,0.20447,0.88794,-0.177,-0.109,-0.362
553,40.39,-32.13,-0.42,-0.0064697,0.18896,0.88232,-0.181,-0.115,-0.364
554,41.58,-32.62,0.56,0.0015869,0.1886,0.86462,-0.184,-0.117,-0.358
555,41.72,-33.32,2.17,0.040649,0.20911,0.85632,-0.186,-0.118,-0.359
556,40.6,-33.32,3.57,0.075562,0.23291,0.84863,-0.186,-0.122,-0.355
557,39.48,-32.06,3.29,0.086792,0.24487,0.82629,-0.191,-0.128,-0.359
558,39.27,-30.03,1.33,0.087524,0.24646,0.80737,-0.192,-0.123,-0.363
559,39.41,-28.07,-0.63,0.085083,0.24609,0.79041,-0.194,-0.13,-0.359
560,39.27,-26.46,-1.54,0.084595,0.25391,0.7655,-0.199,-0.133,-0.352
561,38.36,-24.78,-1.33,0.10034,0.26807,0.75964,-0.198,-0.133,-0.35
562,36.68,-23.38,-0.35,0.12415,0.2843,0.74658,-0.2,-0.141,-0.344
563,35.63,-22.33,0.49,0.15344,0.302,0.73645,-0.203,-0.142,-0.35
564,35.07,-21.14,0.49,0.16528,0.30627,0.71106,-0.203,-0.142,-0.344
565,35.21,-19.81,-0.63,0.17847,0.3064,0.67969,-0.203,-0.143,-0.346
566,35.07,-18.83,-2.17,0.17737,0.29712,0.64624,-0.205,-0.149,-0.343
567,33.81,-18.76,-3.71,0.17334,0.28748,0.63428,-0.205,-0.15,-0.338
568,30.24,-20.02,-4.62,0.18555,0.29761,0.65125,-0.209,-0.154,-0.341
569,24.85,-22.05,-4.97,0.19824,0.32153,0.67896,-0.211,-0.153,-0.339
570,19.53,-24.15,-5.95,0.20288,0.35156,0.70911,-0.211,-0.152,-0.339
571,15.47,-25.55,-7.49,0.19543,0.37769,0.71802,-0.211,-0.157,-0.332
572,13.93,-24.71,-9.17,0.18054,0.39355,0.7179,-0.213,-0.161,-0.329
573,14.63,-22.47,-10.15,0.16565,0.39819,0.68958,-0.214,-0.161,-0.331
574,17.64,-15.05,-8.4,0.16785,0.40259,0.6532,-0.216,-0.162,-0.33
575,17.78,-11.9,-6.72,0.17175,0.40613,0.62744,-0.214,-0.164,-0.328
576,17.15,-8.68,-5.46,0.18066,0.40381,0.60559,-0.216,-0.163,-0.328
577,15.75,-4.48,-4.2,0.19556,0.40491,0.59033,-0.217,-0.166,-0.327
578,14.21,-0.21,-3.57,0.20557,0.41345,0.56152,-0.218,-0.166,-0.325
579,12.67,2.8,-3.5,0.20959,0.41809,0.53223,-0.219,-0.169,-0.325
580,11.13,4.83,-3.5,0.21863,0.41809,0.50635,-0.221,-0.171,-0.323
581,9.38,6.23,-3.43,0.23425,0.42383,0.46521,-0.222,-0.173,-0.322
582,6.86,5.53,-3.85,0.24011,0.41663,0.43774,-0.223,-0.175,-0.32
583,3.5,3.01,-4.27,0.23743,0.39795,0.42334,-0.224,-0.176,-0.319
584,-1.54,-0.07,-4.27,0.22729,0.38416,0.42114,-0.225,-0.178,-0.317
585,-8.33,-2.94,-3.99,0.21326,0.37988,0.44531,-0.226,-0.18,-0.316
586,-15.47,-4.69,-3.71,0.20435,0.38208,0.5072,-0.227,-0.181,-0.315
587,-21.07,-3.36,-3.64,0.1886,0.39832,0.56238,-0.227,-0.183,-0.313
588,-24.08,0.7,-3.78,0.17993,0.41553,0.59534,-0.228,-0.184,-0.311
589,-24.78,6.02,-4.2,0.17029,0.42493,0.61658,-0.229,-0.185,-0.309
590,-24.01,11.76,-4.34,0.15527,0.4231,0.61511,-0.229,-0.186,-0.308
591,-22.82,16.45,-3.92,0.14514,0.41199,0.60876,-0.23,-0.187,-0.308
592,-22.05,18.69,-2.66,0.13293,0.38623,0.60657,-0.23,-0.187,-0.308
593,-21.77,19.18,-0.77,0.10986,0.3479,0.6051,-0.23,-0.188,-0.307
594,-22.4,18.97,1.89,0.10364,0.31885,0.6095,-0.23,-0.188,-0.307
595,-24.29,19.25,4.55,0.10596,0.30664,0.62244,-0.23,-0.189,-0.306
596,-27.09,21,6.23,0.11694,0.30273,0.63794,-0.23,-0.189,-0.306
597,-29.82,24.29,6.02,0.11841,0.29907,0.64941,-0.23,-0.189,-0.306
598,-31.99,28.35,4.62,0.09729,0.2854,0.64844,-0.23,-0.189,-0.307
599,-33.04,31.43,3.36,0.065674,0.26379,0.64685,-0.23,-0.189,-0.307
600,-33.95,32.69,3.29,0.048584,0.24805,0.64868,-0.229,-0.189,-0.307
601,-36.19,33.53,4.27,0.039185,0.23083,0.67163,-0.229,-0.189,-0.308
602,-40.32,34.58,5.32,0.0354,0.22131,0.70837,-0.228,-0.188,-0.309
603,-44.8,35.91,5.67,0.036255,0.22729,0.75427,-0.227,-0.187,-0.31
604,-48.23,37.52,5.11,0.022827,0.23633,0.79358,-0.226,-0.186,-0.311
605,-49.63,40.32,4.41,-0.0025635,0.23645,0.82605,-0.225,-0.185,-0.312
606,-48.58,43.05,4.55,-0.037354,0.22327,0.84631,-0.224,-0.184,-0.313
607,-45.01,45.01,5.74,-0.066284,0.20618,0.84827,-0.223,-0.182,-0.315
608,-40.32,45.85,8.26,-0.063843,0.1925,0.84473,-0.222,-0.181,-0.317
609,-36.12,47.11,10.71,-0.039551,0.17542,0.83118,-0.221,-0.179,-0.318
610,-33.88,49.35,11.9,-0.011963,0.15747,0.80359,-0.219,-0.177,-0.32
611,-34.65,51.31,11.2,0.006958,0.13721,0.78101,-0.216,-0.174,-0.322
612,-38.71,51.1,8.82,0.0013428,0.12024,0.77405,-0.21,-0.168,-0.328
613,-44.59,49,5.74,-0.045532,0.10303,0.78381,-0.204,-0.161,-0.334
614,-50.19,44.59,3.99,-0.10718,0.084351,0.82141,-0.197,-0.155,-0.339
615,-54.04,40.25,4.62,-0.13586,0.084351,0.89722,-0.195,-0.148,-0.35
616,-56.07,39.06,7.28,-0.11353,0.10217,0.96533,-0.192,-0.142,-0.353
617,-56.91,41.86,8.82,-0.071411,0.12231,1.0448,-0.181,-0.139,-0.347
618,-56.14,46.55,6.93,-0.070557,0.11743,1.0933,-0.179,-0.133,-0.355
619,-52.78,49.84,2.94,-0.11035,0.093628,1.0864,-0.176,-0.128,-0.36
620,-46.83,49.84,-0.49,-0.16492,0.073486,1.043,-0.169,-0.121,-0.365
621,-40.39,46.69,-1.4,-0.22229,0.054077,0.98254,-0.168,-0.119,-0.366
622,-35.63,41.72,0.98,-0.25684,0.023315,0.94604,-0.161,-0.113,-0.374
623,-34.02,36.89,5.46,-0.25513,-0.0054932,0.92859,-0.162,-0.109,-0.382
624,-34.79,33.39,9.94,-0.22021,-0.012695,0.93066,-0.156,-0.102,-0.387
625,-37.24,32.27,12.25,-0.19031,-0.019165,0.95557,-0.153,-0.102,-0.376
626,-40.67,33.88,11.62,-0.1687,-0.018311,0.98145,-0.144,-0.093,-0.386
627,-43.54,37.73,8.82,-0.16223,-0.0073242,0.995,-0.149,-0.083,-0.393
628,-45.08,41.23,4.76,-0.18286,-0.0050049,1.0013,-0.141,-0.087,-0.397
629,-44.87,42.84,1.4,-0.22485,-0.0059814,1.0087,-0.14,-0.08,-0.397
630,-43.33,42.07,0.28,-0.25879,-0.014038,1.0055,-0.134,-0.077,-0.397
631,-40.88,40.11,1.47,-0.26843,-0.029053,1.0013,-0.136,-0.08,-0.403
632,-38.64,38.22,3.99,-0.2605,-0.048706,0.99475,-0.125,-0.072,-0.398
633,-37.1,37.03,6.16,-0.25012,-0.063965,0.98145,-0.123,-0.067,-0.395
634,-36.68,35.56,6.93,-0.24475,-0.069092,0.96716,-0.122,-0.064,-0.4
635,-37.03,33.6,6.58,-0.2511,-0.087158,0.96204,-0.115,-0.062,-0.398
636,-38.01,31.22,6.3,-0.25195,-0.10913,0.95422,-0.116,-0.052,-0.405
637,-39.55,28.35,6.58,-0.2356,-0.12732,0.95667,-0.107,-0.056,-0.4
638,-42.56,24.57,6.58,-0.24658,-0.14465,0.97729,-0.11,-0.048,-0.414
639,-46.62,19.53,6.37,-0.26465,-0.14563,1.0309,-0.106,-0.044,-0.401
640,-50.82,14,6.65,-0.27246,-0.13025,1.1106,-0.102,-0.043,-0.404
641,-52.92,11.62,7.7,-0.25964,-0.104,1.1741,-0.101,-0.04,-0.404
642,-51.66,14.49,8.12,-0.25171,-0.074829,1.1945,-0.1,-0.03,-0.402
643,-46.83,19.95,7.07,-0.2417,-0.057129,1.1726,-0.098,-0.028,-0.405
644,-38.78,25.55,5.25,-0.25037,-0.078125,1.1111,-0.093,-0.018,-0.394
645,-29.96,31.08,4.06,-0.26245,-0.12341,1.0205,-0.095,-0.022,-0.414
646,-23.73,34.37,4.41,-0.25,-0.16687,0.93286,-0.094,-0.017,-0.414
647,-22.12,32.69,5.11,-0.25354,-0.20129,0.88989,-0.089,-0.015,-0.414
648,-25.48,26.95,5.81,-0.27307,-0.22705,0.89722,-0.089,-0.011,-0.412
649,-32.13,21.35,7.28,-0.32166,-0.21814,0.91907,-0.085,-0.009,-0.407
650,-38.57,16.73,8.61,-0.30078,-0.19019,1.0057,-0.084,-0.008,-0.418
651,-42.21,15.82,10.36,-0.27148,-0.15601,1.095,-0.081,-0.004,-0.411
652,-41.72,21.42,9.94,-0.26563,-0.13965,1.1112,-0.079,-0.005,-0.415
653,-36.4,28.84,6.58,-0.29468,-0.14148,1.0795,-0.079,0.003,-0.405
654,-28.14,33.67,1.89,-0.32898,-0.16516,1.0052,-0.076,0.003,-0.412
655,-21.49,36.61,-1.26,-0.35168,-0.20886,0.92029,-0.075,0.006,-0.41
656,-20.3,37.24,-1.61,-0.37317,-0.24866,0.89099,-0.073,0.01,-0.415
657,-24.92,34.58,-0.21,-0.39709,-0.2627,0.90918,-0.071,0.009,-0.416
658,-32.76,29.96,2.24,-0.41235,-0.26196,0.97644,-0.067,0.011,-0.417
659,-39.76,26.32,4.76,-0.39636,-0.23755,1.0347,-0.063,0.015,-0.411
660,-42.49,26.04,6.3,-0.35742,-0.20264,1.0544,-0.062,0.019,-0.413
661,-40.46,28.21,5.39,-0.3468,-0.20056,1.0184,-0.064,0.02,-0.411
662,-36.33,31.99,2.24,-0.34998,-0.23389,0.96875,-0.062,0.025,-0.409
663,-34.09,34.93,-0.7,-0.37793,-0.27637,0.93054,-0.059,0.031,-0.414
664,-36.26,35.63,-1.54,-0.39551,-0.29871,0.92163,-0.057,0.032,-0.414
665,-42.7,33.53,-0.35,-0.38782,-0.29663,0.96692,-0.054,0.032,-0.413
666,-51.03,29.47,1.4,-0.38916,-0.28223,1.0282,-0.055,0.039,-0.412
667,-58.17,24.78,2.24,-0.40076,-0.25769,1.0952,-0.051,0.038,-0.412
668,-61.39,21.07,2.17,-0.41467,-0.25232,1.146,-0.051,0.041,-0.409
669,-59.71,20.16,2.38,-0.41895,-0.26697,1.147,-0.05,0.047,-0.408
670,-54.46,21.49,3.36,-0.39587,-0.28369,1.1333,-0.046,0.049,-0.41
671,-48.23,23.17,4.2,-0.38025,-0.30505,1.075,-0.047,0.053,-0.406
672,-43.61,23.31,3.43,-0.39172,-0.32593,1.0126,-0.044,0.059,-0.409
673,-42.91,21.07,1.47,-0.401,-0.33545,0.99548,-0.044,0.062,-0.411
674,-46.48,17.71,1.05,-0.39856,-0.32703,1.0229,-0.04,0.071,-0.401
675,-52.5,14.77,2.17,-0.39771,-0.32092,1.0773,-0.042,0.071,-0.406
676,-57.47,12.25,3.99,-0.38232,-0.30054,1.1641,-0.036,0.073,-0.4
677,-58.87,10.64,5.25,-0.36951,-0.276,1.2283,-0.036,0.077,-0.402
678,-56.07,11.76,4.62,-0.38159,-0.26782,1.2388,-0.036,0.083,-0.407
679,-49.91,14.77,2.31,-0.40747,-0.27222,1.2094,-0.037,0.087,-0.405
680,-42.56,18.2,-0.07,-0.42603,-0.27869,1.1293,-0.034,0.09,-0.405
681,-35.63,20.51,-1.05,-0.42688,-0.2915,1.063,-0.032,0.096,-0.397
682,-32.2,20.23,-0.42,-0.43176,-0.30933,1.0405,-0.033,0.095,-0.402
683,-33.11,17.15,1.82,-0.427,-0.32178,1.049,-0.031,0.102,-0.397
684,-36.26,13.44,5.25,-0.39832,-0.31506,1.1017,-0.029,0.099,-0.401
685,-39.2,10.64,8.47,-0.35889,-0.29968,1.1617,-0.03,0.107,-0.401
686,-40.18,10.08,9.73,-0.34534,-0.2915,1.2046,-0.027,0.11,-0.397
687,-38.29,11.41,8.33,-0.35779,-0.29102,1.2349,-0.024,0.112,-0.393
688,-34.51,14,5.6,-0.37134,-0.29395,1.2234,-0.024,0.11,-0.397
689,-29.89,17.5,3.15,-0.38245,-0.30371,1.1919,-0.024,0.114,-0.399
690,-25.83,19.81,1.89,-0.38904,-0.31958,1.1711,-0.023,0.115,-0.394
691,-23.59,19.46,2.1,-0.39307,-0.33105,1.16,-0.023,0.118,-0.393
692,-22.75,15.96,3.64,-0.38647,-0.33972,1.1764,-0.023,0.121,-0.394
693,-23.1,10.92,5.81,-0.36365,-0.34521,1.2159,-0.023,0.123,-0.394
694,-23.73,6.93,7.56,-0.34033,-0.3418,1.2482,-0.022,0.124,-0.394
695,-23.59,4.62,8.4,-0.3219,-0.33435,1.2825,-0.022,0.125,-0.393
696,-22.26,2.94,7.63,-0.3418,-0.33459,1.3025,-0.022,0.128,-0.393
697,-19.18,1.61,5.88,-0.37085,-0.34412,1.2987,-0.021,0.131,-0.392
698,-14.91,1.33,4.62,-0.37671,-0.34705,1.2832,-0.02,0.134,-0.391
699,-10.36,2.03,4.69,-0.38086,-0.34863,1.2369,-0.019,0.137,-0.39
700,-5.18,2.87,4.9,-0.40271,-0.36877,1.2014,-0.019,0.14,-0.39
701,-0.21,1.61,5.39,-0.39392,-0.38513,1.1951,-0.018,0.142,-0.389
702,2.66,-0.28,7.14,-0.36682,-0.38928,1.198,-0.017,0.144,-0.388
703,3.01,-0.98,9.52,-0.34485,-0.39465,1.2008,-0.017,0.147,-0.387
704,1.89,-1.47,10.92,-0.30835,-0.39844,1.2344,-0.016,0.148,-0.388
705,0.35,-2.31,11.27,-0.26685,-0.39026,1.2715,-0.015,0.15,-0.388
706,-0.35,-2.8,10.57,-0.24316,-0.38232,1.2924,-0.015,0.153,-0.388
707,0.49,-3.22,7.91,-0.24231,-0.38074,1.3123,-0.014,0.154,-0.388
708,2.87,-4.83,3.78,-0.25708,-0.37842,1.3174,-0.014,0.156,-0.387
709,6.09,-6.51,-0.42,-0.28735,-0.38074,1.3177,-0.013,0.158,-0.386
710,9.73,-8.82,-3.29,-0.31531,-0.38062,1.318,-0.013,0.159,-0.385
711,14.14,-12.11,-4.34,-0.33069,-0.37671,1.2953,-0.012,0.159,-0.385
712,19.39,-15.68,-3.92,-0.34985,-0.3783,1.2587,-0.012,0.16,-0.384
713,24.92,-19.81,-2.94,-0.38257,-0.39636,1.2075,-0.011,0.161,-0.384
714,29.26,-23.1,-1.96,-0.39648,-0.40808,1.1593,-0.011,0.162,-0.384
715,31.22,-25.06,-0.49,-0.36743,-0.40552,1.136,-0.011,0.162,-0.383
716,30.73,-25.9,1.12,-0.33069,-0.39648,1.1522,-0.011,0.162,-0.383
717,28.77,-26.53,0.77,-0.32727,-0.38477,1.1772,-0.011,0.162,-0.384
718,27.02,-26.53,-2.87,-0.35535,-0.36938,1.1796,-0.012,0.163,-0.384
719,26.88,-24.78,-7.77,-0.39063,-0.35352,1.1675,-0.012,0.163,-0.383
720,28.77,-22.61,-11.76,-0.43372,-0.34155,1.1389,-0.012,0.163,-0.384
721,32.76,-21.49,-13.72,-0.46814,-0.33838,1.0957,-0.012,0.162,-0.384
722,38.29,-21.49,-13.02,-0.49597,-0.34631,1.0459,-0.013,0.161,-0.383
723,43.12,-21.35,-9.87,-0.49951,-0.35681,0.98938,-0.013,0.161,-0.384
724,46.27,-20.93,-4.69,-0.44189,-0.34485,0.95911,-0.013,0.16,-0.384
725,47.18,-21.35,0.49,-0.3457,-0.31799,0.97876,-0.014,0.159,-0.384
726,44.73,-24.08,-2.24,-0.33887,-0.30713,0.99219,-0.014,0.158,-0.384
727,45.15,-24.57,-8.54,-0.39709,-0.31775,0.97705,-0.015,0.156,-0.385
728,46.34,-23.8,-11.41,-0.45996,-0.32593,0.95654,-0.016,0.155,-0.386
729,47.25,-20.93,-9.73,-0.47253,-0.31763,0.92297,-0.017,0.153,-0.386
730,47.39,-16.52,-6.86,-0.45496,-0.30457,0.86304,-0.017,0.152,-0.387
731,46.48,-13.3,-4.97,-0.44409,-0.30762,0.80127,-0.018,0.15,-0.388
732,44.31,-11.83,-3.78,-0.43604,-0.31299,0.75952,-0.019,0.148,-0.389
733,40.32,-10.64,-2.03,-0.38586,-0.29871,0.74011,-0.02,0.145,-0.39
734,34.51,-10.71,-1.82,-0.31909,-0.27441,0.76575,-0.021,0.143,-0.39
735,28.21,-12.32,-4.97,-0.29944,-0.26404,0.81396,-0.022,0.14,-0.391
736,23.73,-14.14,-9.52,-0.31616,-0.25525,0.82983,-0.023,0.137,-0.392
737,21.98,-15.75,-12.46,-0.32666,-0.24292,0.83582,-0.024,0.134,-0.393
738,21.84,-17.57,-13.09,-0.32141,-0.22913,0.8291,-0.025,0.13,-0.393
739,22.4,-20.65,-12.46,-0.33252,-0.21997,0.828,-0.026,0.127,-0.396
740,23.31,-25.27,-11.2,-0.35962,-0.21252,0.84082,-0.026,0.123,-0.397
741,24.43,-30.87,-8.12,-0.36414,-0.19543,0.8645,-0.028,0.121,-0.397
742,25.55,-35.49,-3.64,-0.34436,-0.17834,0.89758,-0.029,0.117,-0.399
743,27.02,-37.87,0.14,-0.32422,-0.16394,0.92847,-0.032,0.113,-0.4
744,29.61,-37.59,1.82,-0.30347,-0.15442,0.93811,-0.034,0.11,-0.402
745,33.25,-35.42,1.68,-0.2937,-0.14795,0.93005,-0.034,0.107,-0.401
746,37.24,-31.57,0.56,-0.28882,-0.15112,0.90381,-0.036,0.104,-0.403
747,40.74,-27.3,-0.56,-0.28821,-0.16174,0.86462,-0.037,0.102,-0.403
748,42.84,-24.71,-1.05,-0.28992,-0.17273,0.83374,-0.037,0.1,-0.404
749,43.26,-23.24,-0.28,-0.29028,-0.18127,0.81482,-0.039,0.097,-0.405
750,42.14,-21.7,1.05,-0.27747,-0.16919,0.81458,-0.041,0.092,-0.409
751,40.18,-20.23,1.82,-0.26343,-0.14209,0.83667,-0.042,0.089,-0.407
752,38.92,-18.48,1.89,-0.25439,-0.12378,0.86121,-0.043,0.088,-0.409
753,39.41,-15.4,1.89,-0.2467,-0.10999,0.86475,-0.046,0.085,-0.41
754,41.37,-11.34,2.38,-0.21399,-0.096436,0.8374,-0.046,0.082,-0.41
755,43.54,-9.03,2.31,-0.18689,-0.10095,0.80249,-0.048,0.077,-0.411
756,44.59,-9.52,1.19,-0.18262,-0.11682,0.76953,-0.049,0.074,-0.41
757,43.33,-11.83,0.28,-0.17981,-0.1156,0.73889,-0.053,0.07,-0.414
758,39.55,-14.91,0.07,-0.15784,-0.104,0.73621,-0.054,0.066,-0.414
759,34.65,-19.25,-0.63,-0.16016,-0.098511,0.75769,-0.056,0.062,-0.416
760,30.24,-23.45,-2.03,-0.1698,-0.090454,0.77039,-0.057,0.058,-0.415
761,27.09,-26.53,-3.15,-0.1792,-0.069214,0.7832,-0.058,0.056,-0.415
762,25.34,-27.44,-3.57,-0.19006,-0.050781,0.77942,-0.061,0.053,-0.413
763,24.85,-26.74,-3.71,-0.1908,-0.040161,0.77576,-0.064,0.047,-0.413
764,24.85,-25.13,-3.92,-0.18823,-0.032837,0.76587,-0.067,0.044,-0.417
765,24.64,-22.26,-4.34,-0.18823,-0.033203,0.75391,-0.068,0.04,-0.413
766,23.66,-19.25,-4.83,-0.19177,-0.039551,0.74951,-0.069,0.037,-0.413
767,22.05,-16.87,-4.83,-0.20044,-0.04187,0.74988,-0.073,0.032,-0.417
768,20.44,-14.77,-4.2,-0.20862,-0.033691,0.74585,-0.074,0.03,-0.415
769,19.46,-12.81,-2.38,-0.1936,-0.017822,0.73547,-0.076,0.028,-0.415
770,19.18,-11.13,0.21,-0.16418,-0.012939,0.72668,-0.076,0.029,-0.413
771,19.39,-10.08,1.75,-0.14453,-0.0177,0.70642,-0.077,0.028,-0.415
772,19.25,-9.24,2.24,-0.14172,-0.020752,0.68335,-0.078,0.027,-0.416
773,17.71,-8.75,2.1,-0.14514,-0.025513,0.66614,-0.079,0.023,-0.414
774,14.91,-7.84,1.96,-0.14221,-0.025635,0.65637,-0.08,0.022,-0.415
775,11.06,-6.93,2.17,-0.12537,-0.021973,0.66919,-0.081,0.021,-0.416
776,6.44,-6.16,1.89,-0.12341,-0.0092773,0.70178,-0.083,0.018,-0.416
777,2.24,-5.46,0.98,-0.13123,0.0015869,0.74414,-0.084,0.015,-0.417
778,-0.77,-5.46,0.28,-0.13916,0.005127,0.78088,-0.086,0.013,-0.417
779,-1.82,-4.97,0.28,-0.14478,0.0070801,0.80359,-0.087,0.011,-0.417
780,-1.61,-3.92,1.12,-0.14465,0.0058594,0.82544,-0.088,0.008,-0.417
781,-1.54,-2.24,1.96,-0.14258,0.006958,0.83459,-0.09,0.006,-0.416
782,-2.59,-0.63,2.31,-0.14807,0.0042725,0.84521,-0.091,0.005,-0.416
783,-4.41,0.28,2.17,-0.14807,-0.0061035,0.87744,-0.092,0.003,-0.416
784,-6.37,0.77,2.17,-0.14612,-0.0067139,0.91455,-0.093,0.001,-0.415
785,-7.84,1.4,2.59,-0.13965,0.0065918,0.93933,-0.094,0,-0.415
786,-8.61,2.24,2.94,-0.12561,0.015015,0.97681,-0.095,-0.001,-0.415
787,-8.61,3.36,3.01,-0.11816,0.016235,1.0077,-0.096,-0.002,-0.414
788,-6.93,5.6,2.38,-0.11963,0.011353,1.0115,-0.096,-0.003,-0.414
789,-4.76,7.35,1.33,-0.13672,0.0023193,1.0028,-0.097,-0.004,-0.413
790,-3.01,7.91,0.14,-0.1582,-0.010742,0.98694,-0.098,-0.005,-0.413
791,-2.66,7.28,0.07,-0.16626,-0.018677,0.98035,-0.098,-0.006,-0.413
792,-3.36,6.02,0.91,-0.17004,-0.021606,0.98193,-0.099,-0.007,-0.414
793,-4.62,4.2,1.82,-0.17456,-0.023071,0.99976,-0.099,-0.007,-0.414
794,-5.95,2.52,2.59,-0.17175,-0.017334,1.0131,-0.099,-0.007,-0.413
795,-7.07,2.52,3.15,-0.16211,-0.0081787,1.0436,-0.1,-0.008,-0.413
796,-7.42,3.99,3.57,-0.15723,-0.0072021,1.0581,-0.1,-0.007,-0.413
797,-6.16,5.74,3.43,-0.15454,-0.0091553,1.0544,-0.1,-0.008,-0.413
798,-3.92,6.58,3.15,-0.14429,-0.01001,1.0479,-0.1,-0.007,-0.413
799,-2.03,6.02,2.59,-0.14429,-0.019775,1.0339,-0.1,-0.007,-0.413
800,-0.49,5.11,1.82,-0.15442,-0.029907,1.0194,-0.1,-0.007,-0.413
801,0.21,3.85,1.54,-0.15088,-0.031616,1.0103,-0.1,-0.007,-0.412
802,0.56,2.8,1.82,-0.13892,-0.023438,1.0039,-0.1,-0.007,-0.413
803,0.77,2.87,1.61,-0.13489,-0.029175,0.99402,-0.1,-0.007,-0.413
804,0.98,3.57,0.84,-0.14441,-0.042969,0.98242,-0.1,-0.006,-0.413
805,0.49,3.29,-0.28,-0.16589,-0.048462,0.97815,-0.1,-0.006,-0.413
806,-0.63,1.96,-1.05,-0.17871,-0.03479,0.98889,-0.1,-0.006,-0.413
807,-1.96,0.98,-0.84,-0.1803,-0.02832,1.0002,-0.099,-0.006,-0.413
808,-2.52,1.19,0.14,-0.1792,-0.03125,1.0054,-0.099,-0.006,-0.413
809,-1.68,1.4,0.84,-0.17725,-0.028931,1.0004,-0.098,-0.005,-0.412
810,-0.42,1.47,0.91,-0.1687,-0.024292,0.99609,-0.098,-0.005,-0.412
811,0.56,2.03,0.77,-0.16504,-0.022705,0.98267,-0.098,-0.005,-0.413
812,1.19,3.22,0.49,-0.16113,-0.030273,0.97107,-0.098,-0.005,-0.412
813,1.33,4.13,0.14,-0.15405,-0.038696,0.96204,-0.097,-0.005,-0.413
814,0.91,4.62,-0.07,-0.15039,-0.037598,0.9574,-0.097,-0.004,-0.413
815,-0.14,3.78,-0.7,-0.16223,-0.040649,0.96069,-0.097,-0.004,-0.413
816,-1.68,2.03,-1.26,-0.18359,-0.044434,0.97009,-0.097,-0.004,-0.413
817,-3.01,0.98,-0.98,-0.18982,-0.040283,0.98779,-0.096,-0.004,-0.413
818,-3.5,0.63,0,-0.18323,-0.032593,1.0073,-0.096,-0.004,-0.414
819,-3.36,1.47,0.7,-0.17981,-0.028442,1.0126,-0.096,-0.004,-0.413
820,-2.66,3.78,0.63,-0.17517,-0.029175,1.0116,-0.095,-0.003,-0.413
821,-1.33,6.16,0.07,-0.17395,-0.033691,1.0024,-0.095,-0.003,-0.413
822,0.28,7.91,-0.63,-0.177,-0.036499,0.98401,-0.094,-0.003,-0.413
823,1.12,8.82,-0.7,-0.18018,-0.042847,0.9729,-0.094,-0.003,-0.413
824,0.77,8.68,-0.28,-0.17249,-0.041504,0.97815,-0.094,-0.002,-0.414
825,0.21,7.56,0.28,-0.1615,-0.029785,0.9895,-0.094,-0.002,-0.414
826,-0.21,6.37,0.14,-0.16174,-0.023071,0.9873,-0.093,-0.002,-0.414
827,0,5.46,-0.56,-0.17163,-0.029053,0.98608,-0.093,-0.002,-0.413
828,1.12,4.76,-1.26,-0.17749,-0.028442,0.9613,-0.093,-0.002,-0.414
829,1.75,4.83,-1.61,-0.18054,-0.028076,0.94507,-0.092,-0.002,-0.413
830,1.05,4.27,-1.75,-0.17822,-0.032715,0.9436,-0.092,-0.002,-0.413
831,-0.21,2.73,-1.96,-0.17688,-0.033569,0.94885,-0.092,-0.002,-0.414
832,-1.68,1.05,-2.52,-0.18762,-0.033081,0.95764,-0.091,-0.002,-0.414
833,-3.01,-0.28,-3.15,-0.19958,-0.032837,0.97009,-0.091,-0.002,-0.414
834,-4.48,-0.98,-3.43,-0.20361,-0.025269,0.99146,-0.091,-0.002,-0.414
835,-5.53,-1.19,-3.08,-0.20972,-0.019287,1.0078,-0.091,-0.002,-0.414
836,-5.53,-0.84,-2.73,-0.21497,-0.018799,1.0101,-0.09,-0.002,-0.414
837,-4.55,-0.7,-2.31,-0.20947,-0.021362,1.0161,-0.09,-0.001,-0.413
838,-3.43,-0.84,-1.54,-0.20374,-0.027954,1.0099,-0.09,-0.001,-0.413
839,-2.87,-0.63,-0.77,-0.19849,-0.03125,1.0114,-0.09,-0.001,-0.413
840,-2.94,-0.84,-0.49,-0.19751,-0.029541,1.015,-0.09,-0.001,-0.414
841,-3.01,-0.84,-0.56,-0.19849,-0.02771,1.0204,-0.09,-0.001,-0.414
842,-2.59,-0.42,-0.77,-0.19299,-0.026489,1.0233,-0.09,0,-0.414
843,-1.96,0.7,-0.63,-0.18872,-0.024536,1.0115,-0.09,0,-0.414
844,-0.77,2.1,-0.63,-0.1864,-0.026855,1.0002,-0.09,0,-0.413
845,0.14,2.73,-0.91,-0.18713,-0.03064,0.99109,-0.09,0,-0.413
846,0.56,2.31,-0.91,-0.18958,-0.033936,0.97839,-0.089,0,-0.413
847,0.77,1.54,-0.7,-0.1947,-0.035889,0.96997,-0.089,0,-0.413
848,0.98,0.42,-0.21,-0.19556,-0.038208,0.9679,-0.089,0,-0.413
849,0.7,0.21,0.28,-0.19031,-0.035156,0.97083,-0.089,0,-0.413
850,0,1.19,0.56,-0.18555,-0.029663,0.97437,-0.089,0,-0.413
851,-0.42,2.45,0.35,-0.19165,-0.030273,0.9718,-0.089,0,-0.414
852,-0.07,3.71,-0.21,-0.1969,-0.033813,0.96118,-0.089,0,-0.414
853,0.7,4.27,-0.28,-0.20178,-0.036133,0.94629,-0.089,0,-0.414
854,1.47,4.62,0.28,-0.20325,-0.040039,0.93347,-0.089,0,-0.414
855,1.54,4.62,1.4,-0.19067,-0.04187,0.93225,-0.089,0,-0.414
856,0.7,4.48,2.31,-0.18396,-0.041992,0.93738,-0.089,0,-0.414
857,-0.28,4.41,2.38,-0.1842,-0.041016,0.9408,-0.089,0,-0.415
858,-1.05,4.83,1.89,-0.18726,-0.03772,0.93811,-0.089,0,-0.415
859,-1.19,5.46,1.33,-0.19055,-0.039062,0.92627,-0.089,0,-0.415
860,-1.26,6.79,1.12,-0.18958,-0.041504,0.91943,-0.089,0,-0.415
861,-1.47,8.33,0.98,-0.18384,-0.042603,0.90796,-0.088,0,-0.415
862,-2.03,9.31,0.91,-0.17834,-0.042603,0.90552,-0.088,0.001,-0.415
863,-3.08,9.45,0.63,-0.17285,-0.043945,0.91235,-0.088,0.001,-0.414
864,-4.62,8.19,0.21,-0.17371,-0.043579,0.93079,-0.088,0.001,-0.414
865,-6.51,6.3,-0.63,-0.18005,-0.048462,0.95264,-0.088,0.001,-0.414
866,-8.75,4.55,-1.47,-0.18896,-0.054932,0.98279,-0.087,0.002,-0.414
867,-10.92,2.8,-1.96,-0.1842,-0.052246,1.0256,-0.087,0.001,-0.414
868,-13.02,0.98,-2.17,-0.19031,-0.055298,1.0652,-0.086,0.001,-0.414
869,-14.7,-0.49,-2.87,-0.20605,-0.056885,1.1024,-0.086,0.002,-0.414
870,-15.61,-2.17,-3.78,-0.23853,-0.065063,1.1431,-0.086,0.002,-0.414
871,-16.17,-5.32,-4.41,-0.26538,-0.077393,1.1906,-0.085,0.003,-0.414
872,-16.8,-8.61,-3.92,-0.27454,-0.084595,1.2474,-0.085,0.003,-0.414
873,-17.78,-11.34,-2.24,-0.28967,-0.09668,1.3301,-0.085,0.004,-0.413
874,-19.11,-14.28,-0.77,-0.29968,-0.099365,1.4414,-0.084,0.004,-0.413
875,-19.81,-16.1,0.49,-0.30176,-0.086792,1.5442,-0.084,0.005,-0.413
876,-18.76,-15.47,1.54,-0.30017,-0.077759,1.6177,-0.084,0.005,-0.413
877,-15.12,-14.07,2.17,-0.30957,-0.053467,1.6708,-0.084,0.006,-0.413
878,-0.77,-18.55,2.73,-0.30139,-0.047852,1.6814,-0.084,0.007,-0.413
879,8.05,-27.37,3.36,-0.33154,-0.068726,1.6688,-0.084,0.008,-0.412
880,16.1,-39.27,6.16,-0.36304,-0.12683,1.6886,-0.084,0.008,-0.412
881,21.35,-48.3,11.13,-0.36011,-0.14673,1.7251,-0.084,0.008,-0.411
882,23.87,-52.5,14.98,-0.30786,-0.13098,1.7921,-0.085,0.009,-0.41
883,25.83,-52.01,14.28,-0.25806,-0.10754,1.8833,-0.086,0.009,-0.41
884,30.52,-47.6,9.45,-0.23633,-0.086792,1.9165,-0.087,0.009,-0.41
885,38.22,-41.58,3.71,-0.24182,-0.097656,1.9159,-0.087,0.009,-0.409
886,47.53,-38.15,-0.56,-0.25879,-0.12695,1.8911,-0.089,0.009,-0.409
887,56.63,-39.41,-2.24,-0.28308,-0.15259,1.8484,-0.09,0.009,-0.408
888,64.33,-44.94,-2.1,-0.29663,-0.17114,1.7864,-0.091,0.008,-0.407
889,69.58,-54.18,-1.33,-0.31738,-0.18457,1.7269,-0.093,0.008,-0.407
890,73.01,-62.86,-0.7,-0.3468,-0.18286,1.6716,-0.095,0.007,-0.406
891,75.53,-69.79,0.42,-0.36206,-0.15942,1.6517,-0.097,0.005,-0.405
892,79.45,-72.1,2.31,-0.35583,-0.12964,1.6212,-0.099,0.004,-0.404
893,87.01,-69.65,3.78,-0.3252,-0.12073,1.557,-0.107,-0.004,-0.4
894,97.09,-66.29,4.2,-0.29456,-0.13843,1.4708,-0.117,-0.013,-0.395
895,106.68,-63.21,3.64,-0.26318,-0.15417,1.3225,-0.13,-0.026,-0.395
896,112.56,-61.95,2.38,-0.25208,-0.16455,1.1481,-0.137,-0.035,-0.387
897,113.19,-65.59,1.47,-0.24939,-0.16833,1.0115,-0.151,-0.048,-0.392
898,110.04,-72.38,2.03,-0.24756,-0.14722,0.91711,-0.158,-0.056,-0.386
899,105.91,-79.52,3.36,-0.22205,-0.091797,0.85022,-0.168,-0.064,-0.388
900,102.76,-85.12,3.92,-0.23059,-0.038574,0.79321,-0.173,-0.078,-0.368
901,102.55,-84.84,4.83,-0.21411,-0.003418,0.73682,-0.177,-0.086,-0.367
902,105,-80.64,5.46,-0.20264,0.0065918,0.63367,-0.187,-0.089,-0.371
903,108.15,-74.48,5.81,-0.20203,-0.0048828,0.51294,-0.193,-0.102,-0.358
904,109.06,-67.27,7.21,-0.1687,0.01062,0.36865,-0.203,-0.115,-0.367
905,106.47,-62.09,8.82,-0.12244,0.037231,0.24353,-0.212,-0.113,-0.344
906,100.52,-59.01,10.43,-0.052368,0.078369,0.16284,-0.214,-0.124,-0.354
907,92.89,-55.86,11.34,0.0084229,0.10718,0.11121,-0.22,-0.13,-0.351
908,86.03,-51.17,11.41,0.091553,0.13416,0.091309,-0.225,-0.136,-0.336
909,79.52,-44.03,11.55,0.20093,0.16858,0.067505,-0.229,-0.145,-0.328
910,73.64,-37.03,10.43,0.28308,0.19983,0.035767,-0.237,-0.151,-0.331
911,67.76,-32.2,8.19,0.34399,0.22327,0.0046387,-0.238,-0.154,-0.326
912,61.74,-29.61,5.74,0.39587,0.24609,-0.024292,-0.241,-0.155,-0.317
913,55.23,-28.14,3.85,0.43262,0.28601,-0.065063,-0.237,-0.161,-0.303
914,49.7,-27.86,2.03,0.46472,0.32324,-0.11438,-0.242,-0.166,-0.318
915,45.5,-28.14,0.07,0.48547,0.33997,-0.18542,-0.244,-0.174,-0.311
916,41.86,-27.37,-2.1,0.50244,0.34387,-0.26868,-0.243,-0.176,-0.308
917,36.89,-25.69,-4.62,0.51855,0.34863,-0.3623,-0.252,-0.172,-0.313
918,29.47,-23.8,-8.33,0.49902,0.34229,-0.46094,-0.252,-0.177,-0.311
919,19.04,-22.61,-12.18,0.46326,0.3313,-0.5354,-0.25,-0.175,-0.308
920,6.37,-22.12,-15.12,0.40381,0.31934,-0.57629,-0.249,-0.18,-0.295
921,-7.77,-21.91,-16.52,0.33899,0.31311,-0.60059,-0.257,-0.176,-0.303
922,-22.82,-22.68,-16.24,0.27039,0.31055,-0.57556,-0.251,-0.176,-0.302
923,-37.1,-24.64,-14.21,0.20056,0.31262,-0.51587,-0.257,-0.172,-0.302
924,-49.63,-23.17,-10.36,0.14185,0.32043,-0.43652,-0.258,-0.176,-0.315
925,-59.57,-15.33,-5.88,0.080322,0.3208,-0.35669,-0.25,-0.171,-0.3
926,-65.8,-2.24,-1.33,0.046021,0.31177,-0.28357,-0.256,-0.165,-0.306
927,-68.25,12.67,3.57,0.030029,0.27856,-0.2356,-0.256,-0.166,-0.306
928,-68.39,28.77,8.19,0.044067,0.2251,-0.21619,-0.253,-0.167,-0.312
929,-68.25,44.31,11.48,0.029785,0.15051,-0.21045,-0.252,-0.163,-0.313
930,-70.07,56.28,13.37,0.012329,0.083374,-0.16516,-0.25,-0.161,-0.313
931,-74.83,67.55,15.54,0.050049,0.063232,-0.14783,-0.249,-0.163,-0.313
932,-80.78,76.37,14.7,0.0095215,0.020264,-0.14197,-0.25,-0.167,-0.312
933,-85.75,78.61,11.62,-0.079834,-0.032471,-0.13928,-0.251,-0.168,-0.311
934,-90.37,76.72,10.43,-0.23376,-0.099365,-0.11438,-0.251,-0.168,-0.311
935,-97.09,74.55,12.95,-0.32117,-0.14795,-0.046265,-0.251,-0.168,-0.312
936,-105.49,76.09,18.48,-0.38269,-0.18909,0.079468,-0.25,-0.165,-0.314
937,-112.7,82.67,24.22,-0.34741,-0.21643,0.26245,-0.243,-0.153,-0.326
938,-116.55,95.69,27.79,-0.2533,-0.22375,0.42444,-0.232,-0.135,-0.342
939,-116.41,112.14,24.71,-0.20813,-0.21777,0.53699,-0.219,-0.125,-0.346
940,-112.63,126.84,15.68,-0.25293,-0.22498,0.55872,-0.209,-0.113,-0.36
941,-106.19,137.69,5.81,-0.32983,-0.26355,0.55225,-0.198,-0.093,-0.365
942,-100.31,142.94,0.35,-0.41431,-0.3335,0.52002,-0.186,-0.079,-0.38
943,-97.16,140.63,0.77,-0.45276,-0.41553,0.53857,-0.171,-0.071,-0.377
944,-98.56,132.02,4.55,-0.44519,-0.48914,0.60718,-0.163,-0.058,-0.385
945,-105.77,125.86,6.72,-0.39636,-0.54822,0.69421,-0.152,-0.053,-0.389
946,-118.51,122.36,4.13,-0.40247,-0.57593,0.8457,-0.132,-0.039,-0.385
947,-135.1,119.98,-3.01,-0.46753,-0.5675,1.0571,-0.125,-0.023,-0.397
948,-150.5,119,-10.78,-0.57471,-0.53833,1.3032,-0.114,-0.009,-0.386
949,-159.04,119.14,-16.1,-0.67383,-0.51648,1.5544,-0.101,-0.002,-0.388
950,-156.24,120.19,-17.64,-0.73035,-0.49756,1.6804,-0.089,0.01,-0.398
951,-142.52,122.78,-17.57,-0.78711,-0.50635,1.651,-0.083,0.022,-0.399
952,-123.2,122.57,-17.71,-0.82275,-0.53308,1.5477,-0.075,0.035,-0.408
953,-107.17,119.14,-17.22,-0.88513,-0.57959,1.3959,-0.06,0.049,-0.406
954,-101.15,111.65,-15.05,-0.93823,-0.63477,1.34,-0.057,0.055,-0.402
955,-108.22,98.21,-10.15,-0.98706,-0.67285,1.4718,-0.044,0.065,-0.39
956,-123.13,85.54,-3.29,-0.96411,-0.6582,1.7682,-0.043,0.071,-0.408
957,-134.75,80.57,3.36,-0.94556,-0.53381,2.0964,-0.037,0.092,-0.388
958,-134.12,86.66,4.97,-0.87134,-0.42578,2.276,-0.035,0.11,-0.393
959,-118.86,108.15,2.24,-0.72937,-0.33679,2.1731,-0.012,0.103,-0.378
960,-90.37,135.38,-5.6,-0.72644,-0.41467,1.8541,-0.011,0.126,-0.367
961,-60.06,147.56,-14.91,-0.73645,-0.58728,1.5845,0.001,0.126,-0.376
962,-45.85,140.49,-15.54,-0.70447,-0.69873,1.4227,0.013,0.124,-0.382
963,-56,118.02,-9.66,-0.67603,-0.71448,1.552,0.009,0.13,-0.375
964,-84.77,84.91,-3.36,-0.6626,-0.64441,1.8864,0.016,0.142,-0.372
965,-116.34,52.57,1.68,-0.69678,-0.5271,2.3562,0.016,0.155,-0.369
966,-137.27,31.71,4.06,-0.74158,-0.42468,2.844,0.021,0.17,-0.353
967,-139.3,28.56,4.9,-0.71606,-0.32593,3.2092,0.024,0.156,-0.344
968,-119.49,38.08,5.25,-0.63342,-0.28442,3.3701,0.023,0.179,-0.355
969,-82.53,49.91,3.08,-0.60657,-0.31824,3.3186,0.027,0.184,-0.353
970,-38.01,55.86,-2.03,-0.60938,-0.401,3.0857,0.032,0.176,-0.346
971,1.19,52.99,-5.6,-0.64026,-0.49585,2.7703,0.032,0.177,-0.358
972,25.06,40.88,-4.13,-0.672,-0.57581,2.5217,0.032,0.187,-0.362
973,31.57,21.14,2.52,-0.67163,-0.62036,2.4119,0.04,0.177,-0.346
974,28.63,-4.34,11.69,-0.64771,-0.63977,2.4189,0.037,0.177,-0.364
975,26.04,-28.21,19.46,-0.59009,-0.60339,2.458,0.035,0.17,-0.357
976,28.84,-42.91,22.4,-0.58289,-0.58557,2.4576,0.035,0.17,-0.374
977,37.31,-46.34,19.11,-0.64038,-0.58508,2.4144,0.035,0.163,-0.359
978,50.19,-43.33,13.02,-0.69788,-0.6012,2.3175,0.031,0.163,-0.354
979,63.63,-39.06,8.68,-0.74121,-0.64148,2.1884,0.03,0.161,-0.373
980,75.25,-40.11,7.21,-0.7478,-0.69702,2.0492,0.028,0.149,-0.373
981,83.65,-47.95,8.75,-0.75195,-0.73157,1.9089,0.025,0.153,-0.372
982,87.57,-62.23,10.78,-0.78003,-0.75122,1.7549,0.023,0.152,-0.381
983,85.89,-78.61,11.34,-0.80188,-0.7489,1.7085,0.024,0.142,-0.372
984,80.5,-92.4,11.06,-0.82214,-0.72546,1.6979,0.02,0.138,-0.374
985,77.63,-102.69,9.24,-0.87073,-0.70056,1.7156,0.015,0.145,-0.378
986,80.99,-112.07,5.95,-0.9093,-0.67786,1.7203,0.015,0.145,-0.372
987,90.65,-120.12,2.52,-0.9801,-0.67065,1.6553,0.013,0.147,-0.374
988,103.88,-126.35,-0.21,-1.0404,-0.6864,1.5406,0.014,0.144,-0.372
989,117.46,-131.11,-0.21,-1.0573,-0.70508,1.4034,0.006,0.13,-0.376
990,128.73,-132.93,3.43,-0.99866,-0.71204,1.2607,-0.003,0.112,-0.394
991,136.99,-132.09,8.12,-0.92017,-0.71753,1.0928,-0.018,0.099,-0.393
992,143.64,-129.01,10.43,-0.87524,-0.72754,0.8988,-0.027,0.087,-0.395
993,148.68,-125.72,9.590001,-0.81982,-0.71704,0.69714,-0.042,0.064,-0.399
994,150.71,-123.48,7.56,-0.78857,-0.67932,0.57861,-0.055,0.049,-0.414
995,149.24,-123.83,5.25,-0.7439,-0.60742,0.47974,-0.065,0.036,-0.419
996,145.18,-126.42,3.57,-0.67932,-0.52991,0.39954,-0.078,0.02,-0.407
997,139.51,-131.6,2.59,-0.58826,-0.45898,0.37476,-0.102,0.017,-0.412
998,135.03,-139.3,2.52,-0.47632,-0.41016,0.36462,-0.109,-0.001,-0.408
999,133.35,-145.53,2.94,-0.38696,-0.37646,0.32166,-0.123,-0.02,-0.398
1000,133.63,-147.56,2.24,-0.33716,-0.35425,0.25842,-0.141,-0.02,-0.402
1001,134.05,-145.46,-0.56,-0.32483,-0.31982,0.17566,-0.152,-0.043,-0.414
1002,133.21,-139.65,-3.99,-0.29529,-0.26233,0.098755,-0.154,-0.045,-0.39
1003,130.69,-130.27,-7.28,-0.26636,-0.17725,0.040649,-0.173,-0.061,-0.388
1004,126.91,-119.07,-10.22,-0.23889,-0.11536,0.03186,-0.181,-0.072,-0.397
1005,122.78,-107.45,-11.76,-0.17542,-0.064575,0.030762,-0.183,-0.079,-0.368
1006,119.56,-95.55,-11.34,-0.10828,-0.029541,-0.0079346,-0.19,-0.097,-0.372
1007,117.67,-84.07,-10.15,-0.023193,-0.0014648,-0.046021,-0.202,-0.103,-0.361
1008,114.94,-74.41,-8.96,0.03894,0.026001,-0.079956,-0.209,-0.108,-0.381
1009,109.76,-68.95,-8.54,0.052979,0.061157,-0.10669,-0.217,-0.125,-0.342
1010,101.71,-67.69,-9.31,0.047607,0.11792,-0.083252,-0.22,-0.138,-0.341
1011,91.98,-68.46,-9.87,0.046265,0.19556,-0.031494,-0.221,-0.134,-0.334
1012,84.35,-68.53,-9.31,0.058838,0.24414,-0.0018311,-0.231,-0.146,-0.344
1013,80.85,-64.61,-6.79,0.12195,0.28259,0.003418,-0.235,-0.15,-0.326
1014,80.78,-55.37,-3.01,0.22363,0.30286,-0.033936,-0.237,-0.153,-0.323
1015,82.6,-42.07,-0.21,0.31006,0.29211,-0.15161,-0.237,-0.166,-0.313
1016,84.14,-29.61,0.07,0.34656,0.25244,-0.3158,-0.24,-0.163,-0.316
1017,82.04,-21.35,-1.54,0.35022,0.23352,-0.45581,-0.236,-0.174,-0.306
1018,74.13,-17.43,-3.15,0.36218,0.25732,-0.5127,-0.243,-0.174,-0.312
1019,60.13,-16.17,-4.13,0.37695,0.29541,-0.50903,-0.238,-0.179,-0.316
1020,42.98,-14.14,-5.6,0.37451,0.32556,-0.45056,-0.248,-0.181,-0.32
1021,26.88,-9.8,-8.05,0.38733,0.35608,-0.37451,-0.243,-0.187,-0.318
1022,15.12,-3.85,-10.85,0.39258,0.37842,-0.34155,-0.239,-0.184,-0.318
1023,8.89,4.48,-13.58,0.39392,0.39038,-0.36914,-0.241,-0.187,-0.315
1024,6.72,14.07,-16.17,0.38538,0.36145,-0.47717,-0.246,-0.184,-0.324
1025,4.9,21.63,-17.92,0.32324,0.28589,-0.6084,-0.241,-0.186,-0.321
1026,-0.84,25.27,-18.27,0.27075,0.22729,-0.69983,-0.243,-0.188,-0.325
1027,-13.65,24.01,-16.59,0.2207,0.19763,-0.69067,-0.237,-0.179,-0.328
1028,-32.97,18.76,-14.56,0.17175,0.18359,-0.55994,-0.233,-0.187,-0.319
1029,-55.51,15.4,-14.35,0.094971,0.1814,-0.32495,-0.231,-0.176,-0.332
1030,-88.41,26.95,-15.54,0.052368,0.19324,-0.17065,-0.231,-0.18,-0.318
1031,-91.7,37.87,-15.12,-0.006958,0.20081,-0.049561,-0.232,-0.174,-0.329
1032,-88.9,47.88,-13.58,-0.076904,0.20422,-0.011841,-0.231,-0.167,-0.331
1033,-83.02,53.76,-10.08,-0.11816,0.19214,0.0020752,-0.228,-0.165,-0.326
1034,-75.67,56.98,-5.53,-0.1875,0.14758,-0.032104,-0.226,-0.166,-0.331
1035,-69.23,59.92,0.28,-0.30115,0.020874,-0.12854,-0.231,-0.167,-0.332
1036,-69.37,66.43,9.17,-0.33313,-0.095337,-0.12842,-0.233,-0.17,-0.326
1037,-77.77,76.86,17.29,-0.28711,-0.14539,-0.058105,-0.234,-0.172,-0.326
1038,-89.46,90.65,19.67,-0.23425,-0.15222,0.086426,-0.234,-0.172,-0.326
1039,-98.42,105.49,16.1,-0.19458,-0.14001,0.2179,-0.228,-0.168,-0.33
1040,-99.68,117.67,9.24,-0.23022,-0.13281,0.25879,-0.214,-0.158,-0.341
1041,-93.87,123.97,3.57,-0.297,-0.14343,0.24194,-0.203,-0.146,-0.35
1042,-85.47,123.76,2.31,-0.3335,-0.17334,0.23096,-0.191,-0.137,-0.366
1043,-79.03,120.54,4.9,-0.35291,-0.24158,0.22217,-0.178,-0.124,-0.374
1044,-78.4,115.99,8.89,-0.39539,-0.35559,0.22437,-0.167,-0.115,-0.387
1045,-86.03,110.32,12.04,-0.43262,-0.47253,0.29224,-0.151,-0.105,-0.397
1046,-101.36,108.08,13.09,-0.38403,-0.51294,0.45898,-0.137,-0.09,-0.401
1047,-119.98,115.01,8.54,-0.32153,-0.47241,0.6842,-0.131,-0.083,-0.397
1048,-135.03,127.47,-4.34,-0.3512,-0.45337,0.85144,-0.115,-0.074,-0.391
1049,-141.26,135.73,-21.21,-0.47559,-0.46204,0.96228,-0.106,-0.055,-0.417
1050,-140.91,137.69,-33.18,-0.65759,-0.51208,1.0033,-0.09,-0.047,-0.405
1051,-139.72,132.16,-36.26,-0.83984,-0.58752,1.0424,-0.081,-0.033,-0.4
1052,-141.4,120.26,-31.43,-0.93335,-0.64282,1.12,-0.072,-0.01,-0.401
1053,-147.28,106.33,-22.82,-0.99744,-0.67456,1.2753,-0.066,-0.003,-0.407
1054,-156.03,95.48,-15.05,-1.0248,-0.66357,1.5586,-0.048,0.004,-0.399
1055,-163.24,91.07,-10.85,-1.0486,-0.62634,1.8182,-0.047,0.018,-0.397
1056,-163.1,96.53,-10.85,-1.0481,-0.58313,2.0032,-0.039,0.041,-0.404
1057,-154,108.71,-12.39,-1.0098,-0.56409,2.0725,-0.023,0.05,-0.395
1058,-138.53,120.96,-14.56,-1.0128,-0.59253,2.0048,-0.02,0.061,-0.39
1059,-124.32,124.95,-16.03,-1.0177,-0.62927,1.9478,-0.006,0.084,-0.379
1060,-118.65,120.96,-14.28,-0.98926,-0.6123,1.9359,-0.002,0.09,-0.396
1061,-120.96,111.02,-10.15,-0.97058,-0.57886,1.9991,0.008,0.106,-0.38
1062,-126.21,99.12,-5.53,-0.88623,-0.52869,2.1632,0.016,0.109,-0.379
1063,-126.98,88.69,-3.15,-0.84583,-0.48071,2.2751,0.017,0.128,-0.381
1064,-117.81,78.4,-5.32,-0.85498,-0.46204,2.265,0.022,0.126,-0.375
1065,-100.94,66.99,-7.56,-0.88,-0.48267,2.129,0.025,0.131,-0.38
1066,-85.12,56.7,-5.39,-0.86609,-0.5072,1.9999,0.033,0.142,-0.384
1067,-78.68,44.8,0.49,-0.81445,-0.53955,1.9825,0.026,0.155,-0.381
1068,-81.83,31.57,6.65,-0.74084,-0.53857,2.0785,0.03,0.16,-0.38
1069,-86.94,22.26,11.06,-0.64148,-0.49414,2.2244,0.034,0.163,-0.373
1070,-88.27,18.69,11.9,-0.5929,-0.44739,2.3455,0.032,0.168,-0.363
1071,-83.58,18.76,9.24,-0.56055,-0.41272,2.45,0.038,0.174,-0.352
1072,-72.03,19.32,5.81,-0.54504,-0.38806,2.506,0.038,0.184,-0.356
1073,-54.53,17.92,3.64,-0.51355,-0.36133,2.5038,0.044,0.181,-0.341
1074,-33.81,11.06,2.8,-0.5144,-0.37341,2.4312,0.039,0.182,-0.375
1075,-13.09,-1.26,3.5,-0.53052,-0.41028,2.3264,0.037,0.192,-0.358
1076,4.55,-15.89,6.3,-0.5354,-0.44006,2.2208,0.039,0.182,-0.381
1077,17.78,-28.77,9.52,-0.54675,-0.46082,2.1292,0.032,0.18,-0.37
1078,27.51,-36.75,11.2,-0.54309,-0.45959,2.0242,0.029,0.18,-0.382
1079,35.56,-39.13,10.78,-0.55884,-0.45996,1.9226,0.035,0.177,-0.359
1080,44.1,-38.99,8.68,-0.57458,-0.46387,1.7921,0.029,0.177,-0.371
1081,53.62,-38.71,6.44,-0.57935,-0.47632,1.6405,0.029,0.174,-0.371
1082,62.02,-41.16,5.25,-0.5907,-0.48987,1.4854,0.025,0.176,-0.373
1083,68.18,-48.51,5.32,-0.62805,-0.51038,1.3273,0.031,0.165,-0.375
1084,70.98,-59.22,7.35,-0.64355,-0.51147,1.2343,0.02,0.164,-0.38
1085,70.56,-69.72,11.06,-0.63257,-0.48828,1.1682,0.022,0.159,-0.38
1086,68.74,-77.49,14.42,-0.62195,-0.46924,1.1511,0.021,0.155,-0.388
1087,67.48,-80.15,16.03,-0.60669,-0.44519,1.1393,0.02,0.158,-0.379
1088,68.18,-76.23,15.68,-0.61023,-0.41724,1.0917,0.026,0.161,-0.376
1089,70.91,-67.97,14.14,-0.65051,-0.41455,1.0126,0.027,0.164,-0.376
1090,73.78,-56.98,14.28,-0.67517,-0.41101,0.91406,0.029,0.166,-0.375
1091,75.25,-45.5,17.15,-0.58313,-0.37512,0.828,0.028,0.167,-0.376
1092,74.27,-37.03,19.67,-0.3866,-0.328,0.81433,0.026,0.166,-0.376
1093,71.75,-35.35,14.84,-0.375,-0.33423,0.76978,0.023,0.16,-0.379
1094,69.79,-40.6,5.18,-0.39941,-0.33398,0.74805,0.017,0.153,-0.385
1095,67.97,-51.31,-0.98,-0.42969,-0.31409,0.73486,0.012,0.146,-0.388
1096,66.01,-61.67,-1.68,-0.4292,-0.27588,0.7251,0.008,0.141,-0.394
1097,64.82,-69.44,0.49,-0.40405,-0.24609,0.72729,0.004,0.129,-0.394
1098,65.03,-73.64,2.31,-0.40295,-0.23523,0.68933,0,0.119,-0.401
1099,66.57,-72.45,2.66,-0.39197,-0.23425,0.64478,-0.009,0.113,-0.397
1100,67.13,-67.06,2.45,-0.37354,-0.24109,0.60217,-0.009,0.11,-0.401
1101,66.15,-59.99,1.54,-0.36023,-0.22876,0.57922,-0.02,0.099,-0.403
1102,63.91,-53.27,-0.14,-0.3031,-0.19092,0.60303,-0.024,0.093,-0.414
1103,62.09,-48.93,-1.89,-0.24634,-0.15723,0.62732,-0.031,0.091,-0.42
1104,62.23,-45.78,-4.97,-0.23889,-0.15076,0.5946,-0.033,0.085,-0.423
1105,64.61,-43.75,-7.84,-0.24512,-0.15723,0.53308,-0.034,0.068,-0.413
1106,66.15,-43.75,-8.4,-0.23523,-0.1488,0.46814,-0.041,0.071,-0.418
1107,64.05,-45.36,-7.14,-0.23486,-0.14441,0.42212,-0.041,0.059,-0.408
1108,57.96,-47.81,-5.88,-0.23926,-0.14075,0.41821,-0.049,0.062,-0.425
1109,50.12,-50.4,-4.83,-0.22473,-0.12354,0.45264,-0.057,0.052,-0.421
1110,42.91,-51.94,-4.06,-0.2002,-0.098022,0.48987,-0.058,0.041,-0.419
1111,37.38,-50.54,-3.99,-0.17773,-0.075317,0.52759,-0.059,0.041,-0.409
1112,33.95,-45.29,-5.39,-0.1582,-0.05896,0.53125,-0.068,0.034,-0.436
1113,32.55,-37.73,-7.91,-0.15271,-0.053589,0.50488,-0.062,0.029,-0.42
1114,31.43,-30.1,-10.92,-0.16614,-0.053589,0.4751,-0.068,0.024,-0.426
1115,29.61,-24.08,-13.16,-0.17896,-0.052246,0.44714,-0.074,0.021,-0.417
1116,25.9,-20.72,-13.72,-0.18018,-0.050171,0.44116,-0.074,0.021,-0.42
1117,20.65,-19.6,-12.67,-0.18567,-0.052856,0.47168,-0.077,0.024,-0.414
1118,14.7,-20.93,-11.2,-0.17944,-0.046509,0.52637,-0.076,0.016,-0.414
1119,9.45,-23.73,-9.66,-0.17053,-0.022583,0.58008,-0.082,0.021,-0.427
1120,5.74,-24.78,-8.68,-0.17468,-0.0097656,0.61108,-0.085,0.018,-0.414
1121,3.64,-24.01,-8.47,-0.19641,-0.0073242,0.63403,-0.083,0.014,-0.419
1122,3.22,-21.14,-8.12,-0.18372,-0.005249,0.63159,-0.085,0.016,-0.415
1123,3.29,-16.73,-7.07,-0.16272,0.00061035,0.63367,-0.082,0.014,-0.409
1124,1.61,-11.06,-6.72,-0.15918,-0.005249,0.64844,-0.085,0.012,-0.42
1125,-0.91,-4.97,-7.35,-0.17285,-0.01062,0.66785,-0.088,0.016,-0.423
1126,-3.36,-0.63,-7.7,-0.17993,-0.017822,0.71851,-0.087,0.016,-0.419
1127,-5.88,1.82,-6.65,-0.17468,-0.015503,0.77051,-0.083,0.013,-0.414
1128,-8.05,4.27,-4.76,-0.16589,-0.0054932,0.82532,-0.088,0.014,-0.422
1129,-9.66,6.44,-2.94,-0.15942,0.0046387,0.87512,-0.083,0.011,-0.418
1130,-10.29,7.84,-1.75,-0.14685,0.0028076,0.92334,-0.083,0.015,-0.419
1131,-9.73,7.63,-1.4,-0.15027,0.0010986,0.95422,-0.083,0.014,-0.419
1132,-8.05,6.93,-1.61,-0.16638,0.0014648,0.94666,-0.084,0.013,-0.42
1133,-6.23,6.65,-0.98,-0.17114,-0.0095215,0.94922,-0.086,0.011,-0.418
1134,-5.39,5.81,0.56,-0.16614,-0.028564,0.97388,-0.087,0.009,-0.418
1135,-5.46,5.46,2.31,-0.14661,-0.021362,0.99805,-0.089,0.008,-0.417
1136,-5.81,6.79,3.01,-0.14075,-0.0083008,1.011,-0.09,0.006,-0.417
1137,-5.6,8.89,2.17,-0.13281,-0.012329,1.0225,-0.092,0.005,-0.416
1138,-4.55,10.57,0.98,-0.1344,-0.015747,1.0154,-0.093,0.004,-0.416
1139,-2.59,10.01,-0.28,-0.14014,-0.021362,0.99475,-0.093,0.003,-0.415
1140,-1.05,7.98,-0.77,-0.13928,-0.028442,0.99109,-0.094,0.003,-0.415
1141,-1.33,5.53,-0.49,-0.13074,-0.035156,0.99377,-0.094,0.002,-0.414
1142,-3.08,3.08,-0.42,-0.12439,-0.039307,1.0096,-0.095,0.002,-0.413
1143,-4.83,0.91,-1.4,-0.14563,-0.043579,1.0189,-0.095,0.002,-0.413
1144,-5.74,-0.84,-3.29,-0.17126,-0.050537,1.0337,-0.096,0.002,-0.413
1145,-6.44,-1.61,-4.55,-0.19226,-0.047485,1.0465,-0.096,0.002,-0.412
1146,-7.14,-1.26,-4.48,-0.19666,-0.038086,1.0596,-0.096,0.003,-0.411
1147,-7.84,-1.61,-3.92,-0.20789,-0.028809,1.0774,-0.096,0.003,-0.411
1148,-7.28,-2.73,-3.71,-0.23328,-0.02832,1.0833,-0.096,0.003,-0.41
1149,-5.32,-3.57,-2.87,-0.21729,-0.018188,1.0907,-0.096,0.003,-0.409
1150,-2.87,-3.78,-1.19,-0.19373,-0.012817,1.0796,-0.096,0.004,-0.409
1151,-0.21,-1.89,0,-0.19202,-0.02832,1.0461,-0.096,0.004,-0.409
1152,2.66,0.28,-0.14,-0.19983,-0.046387,1.0172,-0.096,0.004,-0.408
1153,4.9,0.7,-0.56,-0.19287,-0.048096,0.99707,-0.096,0.005,-0.409
1154,5.46,1.12,-0.07,-0.17664,-0.050659,0.9873,-0.095,0.005,-0.408
1155,4.2,2.45,0.77,-0.16724,-0.049438,0.98596,-0.095,0.005,-0.407
1156,2.45,2.8,0.7,-0.16296,-0.038696,0.99292,-0.095,0.005,-0.407
1157,1.61,1.47,0.35,-0.16528,-0.02771,0.99475,-0.095,0.006,-0.407
1158,1.54,0.42,0.14,-0.17383,-0.027832,0.98376,-0.094,0.006,-0.407
1159,1.89,0.7,0.35,-0.16528,-0.034058,0.97791,-0.094,0.006,-0.407
1160,2.1,1.12,0.77,-0.15601,-0.024658,0.97095,-0.095,0.006,-0.408
1161,2.1,1.68,0.49,-0.15491,-0.017456,0.96106,-0.095,0.006,-0.408
1162,2.38,2.94,-0.56,-0.16479,-0.020386,0.95044,-0.095,0.006,-0.407
1163,2.8,4.48,-1.4,-0.16614,-0.026978,0.9314,-0.095,0.006,-0.408
1164,3.29,5.18,-1.54,-0.15662,-0.026001,0.90979,-0.094,0.006,-0.408
1165,2.87,4.83,-1.26,-0.1521,-0.026367,0.90259,-0.094,0.006,-0.409
1166,1.47,3.43,-1.33,-0.14539,-0.025635,0.91907,-0.094,0.006,-0.409
1167,-0.42,1.96,-1.61,-0.14038,-0.023315,0.94116,-0.095,0.007,-0.41
1168,-2.17,1.19,-1.89,-0.13867,-0.016968,0.95557,-0.095,0.007,-0.41
1169,-3.01,0.91,-2.52,-0.15479,-0.011841,0.96082,-0.095,0.006,-0.41
1170,-3.29,1.4,-3.57,-0.1759,-0.014771,0.95325,-0.095,0.006,-0.41
1171,-3.29,2.17,-3.92,-0.19019,-0.017944,0.95642,-0.095,0.007,-0.41
1172,-3.5,1.89,-3.29,-0.18298,-0.0177,0.97461,-0.095,0.006,-0.41
1173,-3.92,0.91,-1.96,-0.17163,-0.011963,0.99377,-0.095,0.006,-0.41
1174,-4.13,1.12,-0.98,-0.16809,-0.0090332,0.99707,-0.095,0.006,-0.409
1175,-3.71,2.38,-0.84,-0.15784,-0.015137,1.0043,-0.095,0.006,-0.409
1176,-2.66,3.64,-1.12,-0.1554,-0.021118,0.99438,-0.095,0.006,-0.409
1177,-1.12,4.97,-1.68,-0.16223,-0.026733,0.97009,-0.095,0.006,-0.41
1178,-0.21,6.16,-2.66,-0.18518,-0.035156,0.94934,-0.095,0.005,-0.411
1179,-0.35,6.3,-3.29,-0.1908,-0.037109,0.94714,-0.095,0.005,-0.411
1180,-1.47,5.11,-2.59,-0.17322,-0.033447,0.96448,-0.095,0.005,-0.412
1181,-2.94,3.57,-1.12,-0.16284,-0.035889,0.98584,-0.095,0.005,-0.412
1182,-4.76,2.1,-1.19,-0.16956,-0.031372,0.98962,-0.095,0.005,-0.412
1183,-5.18,1.82,-2.45,-0.17896,-0.03064,0.99902,-0.094,0.005,-0.412
1184,-5.25,1.4,-3.01,-0.18896,-0.031494,1.0118,-0.094,0.005,-0.412
1185,-4.9,1.68,-2.8,-0.19568,-0.033081,1.0193,-0.094,0.005,-0.413
1186,-4.34,2.03,-2.1,-0.19397,-0.028564,1.0208,-0.094,0.005,-0.412
1187,-3.64,2.17,-1.4,-0.20081,-0.028687,1.0166,-0.093,0.005,-0.412
1188,-2.45,1.68,-0.91,-0.19727,-0.036865,1.0098,-0.093,0.005,-0.412
1189,-1.4,1.4,-0.56,-0.19714,-0.044189,0.99866,-0.093,0.005,-0.412
1190,-1.33,1.96,-0.63,-0.20203,-0.044067,0.98438,-0.092,0.005,-0.411
1191,-1.96,2.73,-0.98,-0.19983,-0.03833,0.9834,-0.092,0.005,-0.413
1192,-2.59,3.78,-0.98,-0.19006,-0.035278,0.97827,-0.092,0.006,-0.412
1193,-2.73,4.55,-1.12,-0.18567,-0.044312,0.97437,-0.092,0.006,-0.412
1194,-2.87,4.34,-1.19,-0.18774,-0.04834,0.96545,-0.092,0.007,-0.412
1195,-3.71,3.15,-0.98,-0.18958,-0.040894,0.97656,-0.091,0.007,-0.412
1196,-5.04,1.33,-0.7,-0.18274,-0.034302,1.0081,-0.091,0.008,-0.411
1197,-4.97,0,-0.42,-0.17151,-0.03418,1.0265,-0.091,0.007,-0.411
1198,-3.78,-0.07,-0.91,-0.1748,-0.033203,1.0154,-0.09,0.008,-0.411
1199,-2.38,0.07,-1.68,-0.19287,-0.03833,0.99768,-0.09,0.009,-0.41
1200,-1.75,0.42,-1.89,-0.20215,-0.044434,0.98157,-0.09,0.009,-0.41
1201,-1.89,0.98,-1.12,-0.19763,-0.045776,0.97278,-0.09,0.009,-0.411
1202,-2.24,1.47,-0.49,-0.19519,-0.048706,0.97278,-0.09,0.01,-0.411
1203,-2.94,2.17,-0.42,-0.19397,-0.046997,0.97791,-0.089,0.01,-0.411
1204,-3.78,2.87,-0.77,-0.18469,-0.043457,1.0029,-0.089,0.01,-0.412
1205,-4.06,3.5,-1.26,-0.17432,-0.040161,1.0175,-0.089,0.01,-0.412
1206,-3.36,3.99,-1.89,-0.17651,-0.045898,1.0118,-0.089,0.011,-0.413
1207,-2.17,3.64,-2.38,-0.19031,-0.053955,0.99902,-0.088,0.011,-0.413
1208,-1.68,2.24,-2.31,-0.19824,-0.059082,0.99438,-0.088,0.012,-0.413
1209,-2.31,0.7,-1.96,-0.20264,-0.057739,0.9978,-0.088,0.012,-0.413
1210,-3.43,-0.49,-1.82,-0.20825,-0.055054,1.0078,-0.088,0.012,-0.413
1211,-3.85,-1.26,-1.89,-0.2229,-0.054443,1.0172,-0.087,0.013,-0.413
1212,-3.85,-1.96,-1.4,-0.22961,-0.056152,1.0298,-0.087,0.013,-0.413
1213,-3.43,-2.17,-0.28,-0.21802,-0.050781,1.0394,-0.087,0.013,-0.413
1214,-3.22,-1.33,0.63,-0.19971,-0.046997,1.058,-0.087,0.013,-0.414
1215,-2.45,0.14,0.56,-0.19238,-0.048218,1.0597,-0.087,0.013,-0.414
1216,-0.7,1.4,-0.28,-0.19727,-0.05603,1.0477,-0.087,0.014,-0.414
1217,0.56,1.68,-0.63,-0.19958,-0.061035,1.0316,-0.087,0.014,-0.413
1218,0.7,0.91,-0.63,-0.20007,-0.063354,1.0254,-0.086,0.014,-0.413
1219,-0.14,-0.84,-0.63,-0.19678,-0.064941,1.0344,-0.086,0.015,-0.413
1220,-1.12,-3.08,-0.56,-0.19849,-0.061646,1.0431,-0.086,0.015,-0.414
1221,-1.68,-5.04,-0.84,-0.20313,-0.05249,1.0481,-0.086,0.015,-0.413
1222,-2.1,-6.37,-0.91,-0.20935,-0.052002,1.0594,-0.086,0.015,-0.414
1223,-2.1,-6.79,-0.63,-0.21057,-0.053955,1.0703,-0.086,0.015,-0.414
1224,-1.68,-6.72,0,-0.20947,-0.05835,1.0774,-0.086,0.015,-0.413
1225,-1.4,-6.93,0.7,-0.20435,-0.060913,1.0984,-0.086,0.015,-0.413
1226,-1.05,-6.51,1.05,-0.1969,-0.053589,1.1277,-0.086,0.015,-0.413
1227,0.21,-5.67,0.84,-0.18921,-0.040894,1.1388,-0.086,0.015,-0.414
1228,2.73,-4.55,0.35,-0.19043,-0.041504,1.1246,-0.086,0.016,-0.414
1229,6.02,-3.57,-0.28,-0.19592,-0.05188,1.0955,-0.087,0.016,-0.414
1230,8.82,-3.08,-0.28,-0.19775,-0.060425,1.0599,-0.086,0.015,-0.414
1231,10.08,-3.36,0,-0.19763,-0.067017,1.0364,-0.087,0.016,-0.414
1232,9.73,-4.34,0.21,-0.19788,-0.06897,1.0334,-0.087,0.015,-0.414
1233,8.68,-4.9,0.28,-0.19983,-0.062378,1.0438,-0.087,0.015,-0.415
1234,7.84,-4.97,0.35,-0.19006,-0.050537,1.0594,-0.087,0.015,-0.415
1235,7.63,-4.06,0.28,-0.18127,-0.043701,1.0679,-0.087,0.015,-0.415
1236,8.05,-1.82,-0.21,-0.18286,-0.045654,1.0543,-0.088,0.014,-0.415
1237,8.82,0,-0.98,-0.18384,-0.047607,1.0393,-0.088,0.014,-0.415
1238,9.45,0.63,-1.75,-0.1853,-0.049438,1.0238,-0.088,0.014,-0.414
1239,9.38,0.21,-2.31,-0.19409,-0.056396,1.0085,-0.088,0.013,-0.414
1240,8.47,-1.26,-2.31,-0.20203,-0.057251,1.0121,-0.088,0.013,-0.414
1241,7.07,-3.78,-1.61,-0.19324,-0.046875,1.0311,-0.089,0.013,-0.413
1242,5.81,-6.3,-0.77,-0.18848,-0.038086,1.058,-0.089,0.013,-0.413
1243,5.74,-7.91,0,-0.18066,-0.030884,1.0785,-0.089,0.012,-0.413
1244,6.79,-8.19,0.63,-0.16357,-0.026733,1.0913,-0.089,0.012,-0.413
1245,8.61,-8.19,0.56,-0.16064,-0.02002,1.0641,-0.09,0.012,-0.412
1246,10.57,-8.75,-0.07,-0.16504,-0.030396,1.0468,-0.09,0.011,-0.412
1247,12.11,-9.94,-0.63,-0.1731,-0.043701,1.0333,-0.091,0.01,-0.413
1248,12.53,-10.71,-0.77,-0.17236,-0.040161,1.0177,-0.091,0.01,-0.413
1249,11.62,-10.85,-0.7,-0.17542,-0.040161,1.0112,-0.092,0.009,-0.412
1250,10.22,-10.78,-1.12,-0.17615,-0.039429,1.0161,-0.092,0.009,-0.411
1251,8.75,-10.78,-1.54,-0.17712,-0.038208,1.0131,-0.092,0.008,-0.411
1252,7.63,-10.92,-1.68,-0.18018,-0.035278,1.0229,-0.093,0.007,-0.411
1253,6.51,-11.13,-1.4,-0.16907,-0.026611,1.0295,-0.093,0.007,-0.411
1254,5.46,-10.57,-1.33,-0.15649,-0.021973,1.0436,-0.094,0.006,-0.412
1255,4.83,-10.01,-1.54,-0.15222,-0.022583,1.0625,-0.095,0.005,-0.412
1256,5.39,-10.99,-2.03,-0.14795,-0.015625,1.0796,-0.095,0.005,-0.412
1257,6.65,-13.23,-2.24,-0.15491,-0.0073242,1.0793,-0.095,0.004,-0.411
1258,8.26,-15.47,-2.03,-0.15454,-0.0056152,1.0804,-0.096,0.003,-0.411
1259,10.08,-17.78,-1.26,-0.16211,-0.0081787,1.0697,-0.097,0.003,-0.41
1260,12.18,-19.6,-0.42,-0.16064,-0.014038,1.0615,-0.098,0.002,-0.411
1261,13.65,-19.95,0,-0.15955,-0.02063,1.0455,-0.098,0.001,-0.41
1262,13.93,-18.48,0.07,-0.16113,-0.023193,1.0344,-0.099,0,-0.41
1263,13.51,-16.24,-0.42,-0.17114,-0.032715,1.0221,-0.1,0,-0.409
1264,12.81,-14.28,-0.77,-0.17175,-0.02478,1.0195,-0.101,0,-0.409
1265,11.97,-12.81,-0.56,-0.17139,-0.0090332,1.0387,-0.102,-0.001,-0.409
1266,11.34,-10.78,-0.63,-0.15942,0.0085449,1.0488,-0.103,-0.002,-0.408
1267,12.18,-8.4,-0.63,-0.15466,0.014771,1.0527,-0.104,-0.002,-0.408
1268,14.49,-6.93,-0.84,-0.14917,0.010254,1.037,-0.105,-0.004,-0.408
1269,16.94,-5.46,-0.42,-0.14893,0.0030518,1.0109,-0.106,-0.005,-0.407
1270,18.2,-4.9,0.42,-0.13696,-0.0029297,0.99475,-0.107,-0.006,-0.407
1271,18.13,-5.18,1.12,-0.11328,-0.0026855,0.98291,-0.108,-0.007,-0.407
1272,17.22,-5.6,1.19,-0.10205,-0.0021973,0.97925,-0.109,-0.008,-0.407
1273,15.96,-6.37,0.21,-0.10522,0.0021973,0.97009,-0.11,-0.009,-0.406
1274,14.77,-7.35,-1.26,-0.11096,0.0078125,0.9585,-0.111,-0.011,-0.406
1275,13.51,-8.47,-1.96,-0.11255,0.010986,0.96375,-0.112,-0.012,-0.405
1276,12.25,-10.36,-2.31,-0.11841,0.017578,0.96436,-0.113,-0.013,-0.406
1277,11.06,-12.67,-2.03,-0.12097,0.018799,0.97876,-0.114,-0.014,-0.405
1278,10.22,-14.56,-1.61,-0.1178,0.021484,0.98608,-0.116,-0.015,-0.406
1279,9.94,-14.98,-1.26,-0.10669,0.030884,0.98669,-0.117,-0.016,-0.406
1280,9.87,-13.58,-1.33,-0.10095,0.034058,0.9834,-0.118,-0.017,-0.406
1281,10.01,-11.2,-2.31,-0.10913,0.035156,0.96985,-0.12,-0.018,-0.406
1282,10.64,-9.590001,-3.71,-0.12085,0.036499,0.96033,-0.121,-0.019,-0.405
1283,11.06,-9.66,-4.34,-0.12585,0.043823,0.96082,-0.122,-0.02,-0.405
1284,10.78,-11.27,-3.43,-0.11292,0.048706,0.97437,-0.123,-0.021,-0.405
1285,10.5,-13.09,-1.68,-0.095581,0.053101,0.98352,-0.124,-0.023,-0.404
1286,10.71,-14.42,-0.35,-0.085327,0.052856,0.98962,-0.125,-0.024,-0.404
1287,11.13,-15.05,-0.07,-0.085327,0.051392,0.98889,-0.127,-0.025,-0.404
1288,11.76,-14.21,-0.35,-0.088745,0.051392,0.97266,-0.128,-0.026,-0.403
1289,11.9,-12.25,-0.63,-0.089233,0.050415,0.96387,-0.129,-0.027,-0.403
1290,11.62,-10.5,-0.84,-0.087646,0.052856,0.96472,-0.13,-0.028,-0.403
1291,10.99,-9.52,-0.91,-0.078735,0.059082,0.96851,-0.131,-0.03,-0.403
1292,10.71,-9.8,-0.98,-0.080444,0.062378,0.98206,-0.132,-0.031,-0.402
1293,10.57,-11.2,-1.12,-0.079712,0.067993,0.995,-0.133,-0.032,-0.401
1294,10.57,-13.16,-1.26,-0.090332,0.071777,1.0045,-0.134,-0.034,-0.4
1295,10.99,-14.7,-1.12,-0.090942,0.072388,1.0056,-0.136,-0.035,-0.4
1296,11.62,-14.77,-0.35,-0.089355,0.074707,1.0043,-0.137,-0.036,-0.399
1297,11.97,-14.28,0.35,-0.088501,0.075439,1.0044,-0.138,-0.037,-0.399
1298,12.11,-13.72,0.84,-0.088989,0.075439,1.0127,-0.139,-0.038,-0.398
1299,12.18,-12.88,1.19,-0.086548,0.074341,1.0353,-0.14,-0.039,-0.398
1300,12.53,-11.9,1.33,-0.083862,0.08252,1.0428,-0.141,-0.04,-0.398
1301,13.72,-10.85,1.54,-0.083984,0.094849,1.0331,-0.142,-0.041,-0.397
1302,15.26,-10.43,1.61,-0.073853,0.094116,1.0366,-0.143,-0.042,-0.396
1303,16.87,-11.13,1.89,-0.066406,0.093994,1.0189,-0.144,-0.043,-0.396
1304,18.69,-12.11,2.38,-0.061768,0.089355,1,-0.145,-0.044,-0.396
1305,20.23,-13.37,2.66,-0.062744,0.084961,0.97437,-0.147,-0.045,-0.396
1306,20.51,-14.56,2.66,-0.060669,0.089233,0.9624,-0.148,-0.047,-0.396
1307,19.39,-15.75,2.73,-0.06604,0.087891,0.97388,-0.149,-0.048,-0.396
1308,17.64,-16.94,2.73,-0.074463,0.09021,0.99622,-0.15,-0.049,-0.396
1309,16.03,-17.43,3.08,-0.074829,0.099976,1.0219,-0.151,-0.05,-0.395
1310,15.26,-16.8,3.57,-0.060303,0.1145,1.0424,-0.152,-0.051,-0.394
1311,15.96,-15.12,3.92,-0.057983,0.12256,1.0366,-0.153,-0.053,-0.393
1312,17.71,-12.74,3.71,-0.05896,0.12329,1.0118,-0.155,-0.054,-0.392
1313,19.88,-11.34,3.43,-0.057739,0.12024,0.98425,-0.156,-0.055,-0.391
1314,21.63,-10.85,3.64,-0.060181,0.11267,0.96057,-0.157,-0.056,-0.391
1315,21.84,-10.5,4.48,-0.053101,0.11438,0.95508,-0.158,-0.057,-0.39
1316,20.86,-10.78,5.18,-0.040405,0.12024,0.9679,-0.16,-0.059,-0.39
1317,19.39,-11.62,5.74,-0.027832,0.12622,0.99158,-0.161,-0.06,-0.389
1318,18.27,-12.04,5.95,-0.011963,0.13196,1.0056,-0.162,-0.062,-0.388
1319,18.13,-11.69,5.81,-0.00085449,0.14014,1.0017,-0.163,-0.063,-0.388
1320,18.62,-10.78,5.25,-0.0030518,0.14111,0.98633,-0.164,-0.064,-0.386
1321,19.53,-10.57,4.41,-0.013794,0.13733,0.95654,-0.165,-0.066,-0.386
1322,20.3,-11.62,3.71,-0.023193,0.13245,0.93408,-0.167,-0.067,-0.385
1323,19.95,-13.23,3.99,-0.026489,0.12854,0.94348,-0.168,-0.068,-0.385
1324,18.34,-15.19,4.9,-0.012085,0.13733,0.96301,-0.169,-0.069,-0.384
1325,16.1,-15.68,5.88,0.0024414,0.15503,0.99597,-0.17,-0.071,-0.382
1326,14.42,-14.49,5.81,0.014404,0.16528,1.0171,-0.171,-0.072,-0.381
1327,14.49,-12.46,4.9,0.022461,0.17493,1.0057,-0.172,-0.073,-0.381
1328,16.38,-10.08,3.85,0.021729,0.16858,0.96814,-0.173,-0.075,-0.381
1329,19.04,-8.75,3.01,0.022217,0.15015,0.92358,-0.174,-0.076,-0.38
1330,20.3,-9.38,2.94,0.018921,0.14038,0.90356,-0.175,-0.078,-0.379
1331,19.11,-11.06,3.36,0.014404,0.13696,0.92725,-0.177,-0.079,-0.379
1332,15.89,-13.09,3.78,0.021973,0.15613,0.96423,-0.178,-0.08,-0.378
1333,12.6,-13.44,4.13,0.03125,0.1803,1.002,-0.179,-0.081,-0.378
1334,11.55,-9.24,2.94,0.040894,0.19873,1.0297,-0.18,-0.082,-0.376
1335,14.49,-6.65,2.24,0.049561,0.20386,1.0149,-0.181,-0.083,-0.375
1336,18.13,-5.32,1.68,0.047607,0.19104,0.97437,-0.182,-0.085,-0.373
1337,19.95,-6.37,1.68,0.034668,0.17261,0.9314,-0.183,-0.086,-0.372
1338,19.04,-8.61,2.24,0.019165,0.16577,0.90881,-0.184,-0.087,-0.371
1339,16.31,-10.43,3.01,0.014771,0.16919,0.92749,-0.185,-0.088,-0.37
1340,13.86,-10.08,3.5,0.020996,0.18286,0.9679,-0.186,-0.09,-0.369
1341,13.23,-8.12,2.94,0.036621,0.20239,0.98657,-0.186,-0.091,-0.368
1342,14.07,-5.95,1.61,0.028564,0.21082,0.98792,-0.187,-0.092,-0.367
1343,15.33,-4.41,0.49,0.013672,0.2085,0.97925,-0.188,-0.093,-0.366
1344,16.24,-3.57,0.56,0.010254,0.20105,0.96741,-0.188,-0.095,-0.365
1345,16.31,-3.57,1.26,0.011841,0.19958,0.96863,-0.189,-0.096,-0.364
1346,15.75,-4.2,1.54,0.010986,0.20349,0.98523,-0.19,-0.097,-0.364
1347,15.47,-4.41,1.89,0.01355,0.21521,0.99255,-0.191,-0.098,-0.363
1348,16.03,-4.2,2.17,0.012695,0.22363,1.002,-0.192,-0.098,-0.362
1349,17.15,-4.34,2.66,0.019165,0.2334,0.99658,-0.192,-0.1,-0.361
1350,18.62,-4.9,3.43,0.026245,0.23792,0.98926,-0.193,-0.101,-0.361
1351,19.88,-5.95,4.27,0.043213,0.23779,0.97974,-0.194,-0.102,-0.36
1352,20.79,-7,4.69,0.054077,0.22913,0.96411,-0.195,-0.103,-0.359
1353,20.72,-8.89,4.41,0.054077,0.22241,0.95728,-0.195,-0.104,-0.358
1354,19.53,-10.92,3.99,0.043945,0.22278,0.95935,-0.196,-0.106,-0.358
1355,18.2,-12.18,4.13,0.039551,0.23535,0.96448,-0.196,-0.107,-0.357
1356,17.64,-11.76,4.62,0.061523,0.25305,0.97778,-0.197,-0.108,-0.357
1357,18.2,-9.73,4.41,0.081787,0.26575,0.97119,-0.197,-0.109,-0.356
1358,19.67,-8.33,3.08,0.088745,0.26563,0.94958,-0.198,-0.11,-0.355
1359,20.93,-9.17,1.68,0.079468,0.25659,0.91895,-0.199,-0.111,-0.355
1360,20.51,-11.83,1.05,0.074707,0.24854,0.90979,-0.2,-0.112,-0.354
1361,18.27,-15.82,1.19,0.064697,0.23926,0.93665,-0.2,-0.113,-0.353
1362,14.98,-18.97,1.4,0.061157,0.245,0.97742,-0.201,-0.114,-0.352
1363,12.39,-19.95,1.05,0.05603,0.26099,1.0168,-0.201,-0.116,-0.351
1364,11.62,-18.41,-0.35,0.046021,0.27808,1.0411,-0.202,-0.117,-0.35
1365,13.58,-15.54,-1.82,0.028076,0.297,1.0413,-0.203,-0.118,-0.349
1366,17.5,-12.46,-2.1,0.018555,0.30273,1.0215,-0.203,-0.119,-0.349
1367,21.35,-9.31,-0.63,0.02124,0.29639,0.99304,-0.204,-0.12,-0.348
1368,24.22,-7.91,1.47,0.026367,0.29272,0.95349,-0.205,-0.121,-0.347
1369,25.9,-8.4,3.15,0.041748,0.29529,0.91809,-0.206,-0.122,-0.346
1370,26.11,-9.38,4.69,0.067017,0.2959,0.89124,-0.206,-0.124,-0.346
1371,25.13,-10.57,5.39,0.088013,0.29028,0.87488,-0.207,-0.125,-0.345
1372,23.66,-12.39,5.32,0.10376,0.29956,0.8562,-0.208,-0.126,-0.344
1373,22.26,-13.93,4.76,0.1095,0.30005,0.83643,-0.209,-0.128,-0.344
1374,20.65,-14.84,4.13,0.11707,0.2926,0.82568,-0.21,-0.129,-0.343
1375,18.41,-15.68,3.78,0.12744,0.28882,0.82788,-0.211,-0.13,-0.342
1376,15.54,-16.24,3.43,0.151,0.29956,0.85962,-0.211,-0.131,-0.342
1377,12.6,-16.03,2.17,0.16479,0.31226,0.90369,-0.212,-0.133,-0.341
1378,10.99,-15.12,0.42,0.15979,0.32739,0.93176,-0.213,-0.134,-0.34
1379,11.97,-14,-1.33,0.14465,0.34155,0.91431,-0.214,-0.136,-0.338
1380,14.56,-13.44,-2.03,0.12866,0.34033,0.8761,-0.214,-0.137,-0.337
1381,17.22,-13.37,-0.98,0.12415,0.33289,0.8335,-0.215,-0.138,-0.335
1382,18.41,-13.3,1.26,0.14209,0.32947,0.80347,-0.215,-0.14,-0.334
1383,17.85,-12.53,2.66,0.16064,0.32556,0.78357,-0.216,-0.141,-0.333
1384,16.31,-10.5,2.31,0.16614,0.328,0.77026,-0.217,-0.142,-0.332
1385,14.35,-8.54,0.98,0.16406,0.33557,0.7666,-0.219,-0.143,-0.331
1386,13.37,-6.51,0,0.16724,0.34595,0.75684,-0.22,-0.144,-0.33
1387,13.23,-4.34,0.07,0.17676,0.3606,0.72913,-0.221,-0.145,-0.329
1388,13.37,-2.73,0.42,0.19043,0.36609,0.70178,-0.222,-0.146,-0.328
1389,12.6,-1.26,0.56,0.21716,0.3634,0.67712,-0.223,-0.147,-0.327
1390,10.78,-0.49,0.07,0.22974,0.35742,0.65662,-0.224,-0.148,-0.325
1391,8.12,-1.12,-1.19,0.22058,0.34351,0.64514,-0.224,-0.149,-0.324
1392,4.69,-3.15,-2.59,0.20093,0.33899,0.64233,-0.225,-0.15,-0.323
1393,0.91,-5.6,-3.15,0.17981,0.3512,0.64856,-0.226,-0.151,-0.323
1394,-2.45,-7.35,-2.87,0.15295,0.35657,0.67212,-0.227,-0.152,-0.322
1395,-4.76,-7.28,-1.82,0.13916,0.37036,0.70264,-0.227,-0.153,-0.322
1396,-5.67,-4.48,-0.49,0.146,0.39783,0.71814,-0.228,-0.154,-0.321
1397,-5.53,1.4,0.35,0.15405,0.39441,0.71558,-0.229,-0.155,-0.321
1398,-4.55,8.68,0.63,0.16724,0.37878,0.68921,-0.229,-0.156,-0.32
1399,-3.57,14.56,0.91,0.18652,0.36499,0.65198,-0.23,-0.156,-0.319
1400,-4.34,17.15,1.05,0.19971,0.34619,0.63428,-0.231,-0.157,-0.318
1401,-7.91,17.22,0.49,0.19873,0.33081,0.64075,-0.231,-0.158,-0.318
1402,-13.58,14.7,-0.56,0.18884,0.33374,0.68542,-0.231,-0.159,-0.319
1403,-19.25,11.34,-1.61,0.16724,0.3457,0.75476,-0.232,-0.159,-0.319
1404,-23.03,9.52,-2.52,0.14453,0.36365,0.81897,-0.232,-0.159,-0.318
1405,-23.73,10.15,-2.73,0.11218,0.37097,0.85938,-0.232,-0.16,-0.318
1406,-21.84,13.02,-1.89,0.11731,0.38586,0.86621,-0.232,-0.16,-0.318
1407,-18.34,18.34,-0.35,0.13757,0.37122,0.8313,-0.232,-0.16,-0.318
1408,-14.98,24.29,0.21,0.14636,0.33826,0.80078,-0.232,-0.16,-0.318
1409,-13.79,26.32,-0.49,0.13562,0.30969,0.78247,-0.232,-0.16,-0.319
1410,-15.68,24.15,-1.75,0.10315,0.28552,0.79272,-0.232,-0.159,-0.319
1411,-20.09,19.46,-2.38,0.071655,0.27856,0.84839,-0.232,-0.159,-0.321
1412,-24.36,15.12,-2.17,0.059937,0.29736,0.90491,-0.232,-0.159,-0.321
1413,-26.6,13.79,-1.61,0.057373,0.31494,0.95361,-0.232,-0.158,-0.321
1414,-25.9,15.96,-1.54,0.049805,0.31946,0.97253,-0.231,-0.158,-0.322
1415,-22.82,20.02,-1.82,0.050293,0.31555,0.96582,-0.23,-0.157,-0.323
1416,-19.53,24.29,-1.96,0.045044,0.30115,0.93518,-0.23,-0.156,-0.323
1417,-17.43,27.02,-1.68,0.032227,0.28564,0.90417,-0.23,-0.156,-0.324
1418,-16.8,26.74,-1.19,0.0061035,0.26416,0.89209,-0.229,-0.155,-0.324
1419,-17.43,23.94,0.07,-0.0072021,0.25818,0.90735,-0.228,-0.154,-0.325
1420,-18.62,20.65,2.1,-0.010254,0.26392,0.92908,-0.227,-0.154,-0.327
1421,-19.32,19.04,3.92,-0.005127,0.27222,0.95288,-0.225,-0.153,-0.328
1422,-19.25,19.67,4.76,0.0013428,0.27698,0.95862,-0.224,-0.152,-0.329
1423,-17.92,22.75,4.83,0.011597,0.2804,0.95007,-0.223,-0.151,-0.33
1424,-16.17,26.88,4.34,0.023315,0.26953,0.92273,-0.223,-0.149,-0.331
1425,-14.63,30.8,3.99,0.029907,0.24475,0.89124,-0.221,-0.148,-0.332
1426,-14.49,32.55,3.15,0.018677,0.22595,0.87646,-0.22,-0.147,-0.333
1427,-16.17,31.22,2.31,-0.0042725,0.20703,0.89221,-0.219,-0.146,-0.334
1428,-19.88,27.44,1.89,-0.014893,0.20789,0.94702,-0.217,-0.145,-0.336
1429,-24.08,23.73,2.45,-0.012207,0.23145,1.02,-0.216,-0.144,-0.337
1430,-26.39,20.86,2.94,-0.036133,0.2467,1.0791,-0.214,-0.142,-0.338
1431,-25.2,19.67,2.66,-0.071533,0.25488,1.0955,-0.213,-0.141,-0.339
1432,-20.65,21.21,3.08,-0.07019,0.26904,1.0748,-0.211,-0.139,-0.34
1433,-14.98,25.83,4.62,-0.034668,0.26514,1.0321,-0.21,-0.138,-0.342
1434,-10.71,31.99,5.6,-0.016968,0.23059,0.98706,-0.208,-0.137,-0.343
1435,-8.75,35.35,4.9,-0.0079346,0.20813,0.94104,-0.206,-0.135,-0.344
1436,-8.89,33.81,3.92,-0.013672,0.19019,0.9231,-0.205,-0.134,-0.345
1437,-11.2,28.84,3.08,-0.032349,0.17261,0.92468,-0.203,-0.132,-0.345
1438,-14.98,22.75,2.94,-0.035278,0.18738,0.94873,-0.201,-0.131,-0.346
1439,-19.18,17.22,3.22,-0.031494,0.20789,0.98767,-0.199,-0.13,-0.347
1440,-22.12,13.86,2.87,-0.038696,0.21948,1.0162,-0.198,-0.128,-0.349
1441,-22.26,13.09,1.89,-0.050293,0.22888,1.021,-0.196,-0.127,-0.35
1442,-20.02,14.49,0.98,-0.060669,0.22144,1.0071,-0.194,-0.126,-0.352
1443,-17.43,16.87,0.49,-0.064575,0.20276,0.98279,-0.192,-0.125,-0.353
1444,-15.47,18.83,0.28,-0.068726,0.19116,0.95691,-0.191,-0.124,-0.355
1445,-14.91,19.18,-0.21,-0.072021,0.18372,0.9342,-0.189,-0.122,-0.355
1446,-15.68,17.5,-0.56,-0.08728,0.172,0.92432,-0.187,-0.121,-0.357
1447,-17.57,14.84,-0.7,-0.11865,0.1637,0.91711,-0.185,-0.12,-0.359
1448,-20.09,11.55,0.07,-0.13989,0.16541,0.94153,-0.184,-0.118,-0.36
1449,-22.68,8.47,1.68,-0.14563,0.16418,0.98462,-0.182,-0.117,-0.361
1450,-24.43,8.19,3.64,-0.12463,0.17395,1.0295,-0.181,-0.115,-0.362
1451,-25.13,11.55,5.04,-0.10583,0.17639,1.0591,-0.18,-0.114,-0.363
1452,-24.29,16.59,4.83,-0.090942,0.17651,1.0697,-0.178,-0.112,-0.364
1453,-22.54,21.07,3.78,-0.081299,0.17615,1.0701,-0.177,-0.111,-0.365
1454,-20.23,23.66,2.94,-0.091431,0.16943,1.0642,-0.175,-0.11,-0.367
1455,-17.78,23.73,2.73,-0.092163,0.16199,1.057,-0.174,-0.109,-0.368
1456,-15.05,22.19,3.78,-0.090088,0.15857,1.0393,-0.172,-0.107,-0.369
1457,-12.11,20.65,4.9,-0.094482,0.15613,0.99561,-0.171,-0.105,-0.37
1458,-10.08,19.81,5.46,-0.094238,0.14758,0.95825,-0.169,-0.104,-0.37
1459,-9.66,19.04,5.74,-0.091675,0.13708,0.93506,-0.168,-0.102,-0.371
1460,-10.85,17.78,5.74,-0.090698,0.12793,0.92114,-0.166,-0.101,-0.372
1461,-13.09,16.17,5.67,-0.085083,0.12354,0.94373,-0.165,-0.099,-0.374
1462,-15.96,14.91,5.32,-0.086792,0.11902,0.97168,-0.164,-0.098,-0.375
1463,-18.76,14.63,4.55,-0.080322,0.12573,1.0155,-0.162,-0.096,-0.375
1464,-20.86,15.61,3.5,-0.085083,0.13916,1.0449,-0.161,-0.095,-0.376
1465,-21.14,17.15,1.61,-0.10669,0.1394,1.0491,-0.16,-0.093,-0.377
1466,-19.53,18.2,0,-0.1261,0.14172,1.0353,-0.159,-0.091,-0.378
1467,-17.01,17.22,-0.42,-0.14612,0.13745,1.0095,-0.157,-0.09,-0.38
1468,-14.35,14.21,0.35,-0.16431,0.12219,0.98438,-0.156,-0.088,-0.38
1469,-12.67,10.43,1.75,-0.16772,0.11438,0.97632,-0.155,-0.087,-0.382
1470,-12.04,7.84,3.43,-0.14893,0.10925,0.9856,-0.154,-0.085,-0.383
1471,-12.04,8.05,4.97,-0.13367,0.10022,0.99341,-0.152,-0.084,-0.383
1472,-12.6,10.92,4.97,-0.12134,0.097778,1.002,-0.151,-0.082,-0.384
1473,-13.51,15.12,3.5,-0.12866,0.10254,0.99951,-0.15,-0.08,-0.385
1474,-14.56,18.9,1.4,-0.14661,0.10205,1.0001,-0.148,-0.079,-0.386
1475,-14.98,19.95,-0.28,-0.1571,0.10413,1.0044,-0.147,-0.077,-0.387
1476,-14.84,18.69,-0.14,-0.146,0.11182,1.0071,-0.145,-0.076,-0.387
1477,-14.14,17.29,0.98,-0.14331,0.11377,1.0077,-0.144,-0.074,-0.388
1478,-13.09,16.03,1.47,-0.14758,0.10815,1.0046,-0.143,-0.073,-0.389
1479,-11.76,15.61,1.19,-0.14124,0.10327,0.99011,-0.141,-0.072,-0.389
1480,-10.5,16.31,1.26,-0.1355,0.095947,0.974,-0.14,-0.07,-0.39
1481,-9.87,16.87,1.47,-0.1344,0.088501,0.95679,-0.138,-0.069,-0.391
1482,-10.15,16.17,1.47,-0.13025,0.079224,0.95593,-0.137,-0.067,-0.392
1483,-11.34,14.7,1.4,-0.13232,0.075439,0.95959,-0.135,-0.066,-0.393
1484,-13.16,13.23,0.98,-0.14514,0.071777,0.97034,-0.134,-0.064,-0.394
1485,-14.91,11.34,0.28,-0.13818,0.085449,0.99377,-0.133,-0.063,-0.395
1486,-15.96,10.29,-0.7,-0.13293,0.10193,0.99768,-0.131,-0.062,-0.396
1487,-14.7,10.99,-1.47,-0.1394,0.09668,0.9917,-0.13,-0.061,-0.397
1488,-13.23,11.48,-1.89,-0.15247,0.080811,0.9762,-0.129,-0.059,-0.397
1489,-12.67,11.06,-1.82,-0.16638,0.07251,0.97009,-0.127,-0.058,-0.398
1490,-13.02,10.99,-1.54,-0.17542,0.064575,0.96936,-0.126,-0.057,-0.399
1491,-13.51,11.76,-1.26,-0.17639,0.057739,0.96118,-0.124,-0.056,-0.399
1492,-13.86,12.32,-0.84,-0.15991,0.05603,0.96045,-0.123,-0.054,-0.4
1493,-14.42,12.88,-1.26,-0.15283,0.057373,0.95093,-0.122,-0.053,-0.4
1494,-15.47,12.32,-1.89,-0.15686,0.056274,0.94666,-0.121,-0.052,-0.402
1495,-16.52,10.92,-2.45,-0.16003,0.057617,0.95483,-0.12,-0.051,-0.403
1496,-17.22,9.590001,-2.52,-0.15686,0.061279,0.96301,-0.118,-0.049,-0.403
1497,-17.15,8.19,-2.45,-0.1521,0.05835,0.97729,-0.117,-0.048,-0.404
1498,-16.38,6.37,-2.59,-0.14514,0.056274,0.98022,-0.116,-0.047,-0.404
